date_time,total_http,SELECT_http,INSERT_http,UPDATE_http,DELETE_http,http_total_longReq,http_adjustLoad
1542418740.000000,0.000000,0.000000,0.000000,0.000000,0.000000,0.000000,0.000000
1542418740.050000,0.000000,0.000000,0.000000,0.000000,0.000000,0.000000,0.000000
1542418740.100000,0.000000,0.000000,0.000000,0.000000,0.000000,0.000000,0.000000
1542418740.150000,0.000000,0.000000,0.000000,0.000000,0.000000,0.000000,0.000000
1542418740.200000,0.000000,0.000000,0.000000,0.000000,0.000000,0.000000,0.000000
1542418740.250000,0.000000,0.000000,0.000000,0.000000,0.000000,0.000000,0.000000
1542418740.300000,0.000000,0.000000,0.000000,0.000000,0.000000,0.000000,0.000000
1542418740.350000,0.000000,0.000000,0.000000,0.000000,0.000000,0.000000,0.000000
1542418740.400000,0.000000,0.000000,0.000000,0.000000,0.000000,0.000000,0.000000
1542418740.450000,0.000000,0.000000,0.000000,0.000000,0.000000,0.000000,0.000000
1542418740.500000,0.000000,0.000000,0.000000,0.000000,0.000000,0.000000,0.000000
1542418740.550000,0.000000,0.000000,0.000000,0.000000,0.000000,0.000000,0.000000
1542418740.600000,0.000000,0.000000,0.000000,0.000000,0.000000,0.000000,0.000000
1542418740.650000,0.000000,0.000000,0.000000,0.000000,0.000000,0.000000,0.000000
1542418740.700000,0.000000,0.000000,0.000000,0.000000,0.000000,0.000000,0.000000
1542418740.750000,0.000000,0.000000,0.000000,0.000000,0.000000,0.000000,0.000000
1542418740.800000,0.000000,0.000000,0.000000,0.000000,0.000000,0.000000,0.000000
1542418740.850000,0.000000,0.000000,0.000000,0.000000,0.000000,0.000000,0.000000
1542418740.900000,0.000000,0.000000,0.000000,0.000000,0.000000,0.000000,0.000000
1542418740.950000,0.000000,0.000000,0.000000,0.000000,0.000000,0.000000,0.000000
1542418741.000000,0.000000,0.000000,0.000000,0.000000,0.000000,0.000000,0.000000
1542418741.050000,0.000000,0.000000,0.000000,0.000000,0.000000,0.000000,0.000000
1542418741.100000,0.000000,0.000000,0.000000,0.000000,0.000000,0.000000,0.000000
1542418741.150000,0.000000,0.000000,0.000000,0.000000,0.000000,0.000000,0.000000
1542418741.200000,0.000000,0.000000,0.000000,0.000000,0.000000,0.000000,0.000000
1542418741.250000,0.000000,0.000000,0.000000,0.000000,0.000000,0.000000,0.000000
1542418741.300000,0.000000,0.000000,0.000000,0.000000,0.000000,0.000000,0.000000
1542418741.350000,0.000000,0.000000,0.000000,0.000000,0.000000,0.000000,0.000000
1542418741.400000,0.000000,0.000000,0.000000,0.000000,0.000000,0.000000,0.000000
1542418741.450000,0.000000,0.000000,0.000000,0.000000,0.000000,0.000000,0.000000
1542418741.500000,0.000000,0.000000,0.000000,0.000000,0.000000,0.000000,0.000000
1542418741.550000,0.000000,0.000000,0.000000,0.000000,0.000000,0.000000,0.000000
1542418741.600000,0.000000,0.000000,0.000000,0.000000,0.000000,0.000000,0.000000
1542418741.650000,0.000000,0.000000,0.000000,0.000000,0.000000,0.000000,0.000000
1542418741.700000,0.000000,0.000000,0.000000,0.000000,0.000000,0.000000,0.000000
1542418741.750000,0.000000,0.000000,0.000000,0.000000,0.000000,0.000000,0.000000
1542418741.800000,0.000000,0.000000,0.000000,0.000000,0.000000,0.000000,0.000000
1542418741.850000,0.000000,0.000000,0.000000,0.000000,0.000000,0.000000,0.000000
1542418741.900000,0.000000,0.000000,0.000000,0.000000,0.000000,0.000000,0.000000
1542418741.950000,0.000000,0.000000,0.000000,0.000000,0.000000,0.000000,0.000000
1542418742.000000,0.000000,0.000000,0.000000,0.000000,0.000000,0.000000,0.000000
1542418742.050000,0.000000,0.000000,0.000000,0.000000,0.000000,0.000000,0.000000
1542418742.100000,0.000000,0.000000,0.000000,0.000000,0.000000,0.000000,0.000000
1542418742.150000,0.000000,0.000000,0.000000,0.000000,0.000000,0.000000,0.000000
1542418742.200000,0.000000,0.000000,0.000000,0.000000,0.000000,0.000000,0.000000
1542418742.250000,0.000000,0.000000,0.000000,0.000000,0.000000,0.000000,0.000000
1542418742.300000,0.000000,0.000000,0.000000,0.000000,0.000000,0.000000,0.000000
1542418742.350000,0.000000,0.000000,0.000000,0.000000,0.000000,0.000000,0.000000
1542418742.400000,0.000000,0.000000,0.000000,0.000000,0.000000,0.000000,0.000000
1542418742.450000,0.000000,0.000000,0.000000,0.000000,0.000000,0.000000,0.000000
1542418742.500000,0.000000,0.000000,0.000000,0.000000,0.000000,0.000000,0.000000
1542418742.550000,0.000000,0.000000,0.000000,0.000000,0.000000,0.000000,0.000000
1542418742.600000,0.000000,0.000000,0.000000,0.000000,0.000000,0.000000,0.000000
1542418742.650000,0.000000,0.000000,0.000000,0.000000,0.000000,0.000000,0.000000
1542418742.700000,0.000000,0.000000,0.000000,0.000000,0.000000,0.000000,0.000000
1542418742.750000,0.000000,0.000000,0.000000,0.000000,0.000000,0.000000,0.000000
1542418742.800000,0.000000,0.000000,0.000000,0.000000,0.000000,0.000000,0.000000
1542418742.850000,0.000000,0.000000,0.000000,0.000000,0.000000,0.000000,0.000000
1542418742.900000,0.000000,0.000000,0.000000,0.000000,0.000000,0.000000,0.000000
1542418742.950000,0.000000,0.000000,0.000000,0.000000,0.000000,0.000000,0.000000
1542418743.000000,0.000000,0.000000,0.000000,0.000000,0.000000,0.000000,0.000000
1542418743.050000,0.000000,0.000000,0.000000,0.000000,0.000000,0.000000,0.000000
1542418743.100000,0.000000,0.000000,0.000000,0.000000,0.000000,0.000000,0.000000
1542418743.150000,0.000000,0.000000,0.000000,0.000000,0.000000,0.000000,0.000000
1542418743.200000,0.000000,0.000000,0.000000,0.000000,0.000000,0.000000,0.000000
1542418743.250000,0.000000,0.000000,0.000000,0.000000,0.000000,0.000000,0.000000
1542418743.300000,0.000000,0.000000,0.000000,0.000000,0.000000,0.000000,0.000000
1542418743.350000,0.000000,0.000000,0.000000,0.000000,0.000000,0.000000,0.000000
1542418743.400000,0.000000,0.000000,0.000000,0.000000,0.000000,0.000000,0.000000
1542418743.450000,0.000000,0.000000,0.000000,0.000000,0.000000,0.000000,0.000000
1542418743.500000,0.000000,0.000000,0.000000,0.000000,0.000000,0.000000,0.000000
1542418743.550000,0.000000,0.000000,0.000000,0.000000,0.000000,0.000000,0.000000
1542418743.600000,0.000000,0.000000,0.000000,0.000000,0.000000,0.000000,0.000000
1542418743.650000,0.000000,0.000000,0.000000,0.000000,0.000000,0.000000,0.000000
1542418743.700000,0.000000,0.000000,0.000000,0.000000,0.000000,0.000000,0.000000
1542418743.750000,0.000000,0.000000,0.000000,0.000000,0.000000,0.000000,0.000000
1542418743.800000,0.000000,0.000000,0.000000,0.000000,0.000000,0.000000,0.000000
1542418743.850000,0.000000,0.000000,0.000000,0.000000,0.000000,0.000000,0.000000
1542418743.900000,0.000000,0.000000,0.000000,0.000000,0.000000,0.000000,0.000000
1542418743.950000,0.000000,0.000000,0.000000,0.000000,0.000000,0.000000,0.000000
1542418744.000000,0.000000,0.000000,0.000000,0.000000,0.000000,0.000000,0.000000
1542418744.050000,0.000000,0.000000,0.000000,0.000000,0.000000,0.000000,0.000000
1542418744.100000,0.000000,0.000000,0.000000,0.000000,0.000000,0.000000,0.000000
1542418744.150000,0.000000,0.000000,0.000000,0.000000,0.000000,0.000000,0.000000
1542418744.200000,0.000000,0.000000,0.000000,0.000000,0.000000,0.000000,0.000000
1542418744.250000,0.000000,0.000000,0.000000,0.000000,0.000000,0.000000,0.000000
1542418744.300000,0.000000,0.000000,0.000000,0.000000,0.000000,0.000000,0.000000
1542418744.350000,0.000000,0.000000,0.000000,0.000000,0.000000,0.000000,0.000000
1542418744.400000,0.000000,0.000000,0.000000,0.000000,0.000000,0.000000,0.000000
1542418744.450000,0.000000,0.000000,0.000000,0.000000,0.000000,0.000000,0.000000
1542418744.500000,0.000000,0.000000,0.000000,0.000000,0.000000,0.000000,0.000000
1542418744.550000,0.000000,0.000000,0.000000,0.000000,0.000000,0.000000,0.000000
1542418744.600000,0.000000,0.000000,0.000000,0.000000,0.000000,0.000000,0.000000
1542418744.650000,0.000000,0.000000,0.000000,0.000000,0.000000,0.000000,0.000000
1542418744.700000,0.000000,0.000000,0.000000,0.000000,0.000000,0.000000,0.000000
1542418744.750000,0.000000,0.000000,0.000000,0.000000,0.000000,0.000000,0.000000
1542418744.800000,0.000000,0.000000,0.000000,0.000000,0.000000,0.000000,0.000000
1542418744.850000,0.000000,0.000000,0.000000,0.000000,0.000000,0.000000,0.000000
1542418744.900000,0.000000,0.000000,0.000000,0.000000,0.000000,0.000000,0.000000
1542418744.950000,0.000000,0.000000,0.000000,0.000000,0.000000,0.000000,0.000000
1542418745.000000,0.000000,0.000000,0.000000,0.000000,0.000000,0.000000,0.000000
1542418745.050000,0.000000,0.000000,0.000000,0.000000,0.000000,0.000000,0.000000
1542418745.100000,0.000000,0.000000,0.000000,0.000000,0.000000,0.000000,0.000000
1542418745.150000,0.000000,0.000000,0.000000,0.000000,0.000000,0.000000,0.000000
1542418745.200000,0.000000,0.000000,0.000000,0.000000,0.000000,0.000000,0.000000
1542418745.250000,0.000000,0.000000,0.000000,0.000000,0.000000,0.000000,0.000000
1542418745.300000,0.000000,0.000000,0.000000,0.000000,0.000000,0.000000,0.000000
1542418745.350000,0.000000,0.000000,0.000000,0.000000,0.000000,0.000000,0.000000
1542418745.400000,0.000000,0.000000,0.000000,0.000000,0.000000,0.000000,0.000000
1542418745.450000,0.000000,0.000000,0.000000,0.000000,0.000000,0.000000,0.000000
1542418745.500000,0.000000,0.000000,0.000000,0.000000,0.000000,0.000000,0.000000
1542418745.550000,0.000000,0.000000,0.000000,0.000000,0.000000,0.000000,0.000000
1542418745.600000,0.000000,0.000000,0.000000,0.000000,0.000000,0.000000,0.000000
1542418745.650000,0.000000,0.000000,0.000000,0.000000,0.000000,0.000000,0.000000
1542418745.700000,0.000000,0.000000,0.000000,0.000000,0.000000,0.000000,0.000000
1542418745.750000,0.000000,0.000000,0.000000,0.000000,0.000000,0.000000,0.000000
1542418745.800000,0.000000,0.000000,0.000000,0.000000,0.000000,0.000000,0.000000
1542418745.850000,0.000000,0.000000,0.000000,0.000000,0.000000,0.000000,0.000000
1542418745.900000,0.000000,0.000000,0.000000,0.000000,0.000000,0.000000,0.000000
1542418745.950000,0.000000,0.000000,0.000000,0.000000,0.000000,0.000000,0.000000
1542418746.000000,0.000000,0.000000,0.000000,0.000000,0.000000,0.000000,0.000000
1542418746.050000,0.000000,0.000000,0.000000,0.000000,0.000000,0.000000,0.000000
1542418746.100000,0.000000,0.000000,0.000000,0.000000,0.000000,0.000000,0.000000
1542418746.150000,0.000000,0.000000,0.000000,0.000000,0.000000,0.000000,0.000000
1542418746.200000,0.000000,0.000000,0.000000,0.000000,0.000000,0.000000,0.000000
1542418746.250000,0.000000,0.000000,0.000000,0.000000,0.000000,0.000000,0.000000
1542418746.300000,0.000000,0.000000,0.000000,0.000000,0.000000,0.000000,0.000000
1542418746.350000,0.000000,0.000000,0.000000,0.000000,0.000000,0.000000,0.000000
1542418746.400000,0.000000,0.000000,0.000000,0.000000,0.000000,0.000000,0.000000
1542418746.450000,0.000000,0.000000,0.000000,0.000000,0.000000,0.000000,0.000000
1542418746.500000,0.000000,0.000000,0.000000,0.000000,0.000000,0.000000,0.000000
1542418746.550000,0.000000,0.000000,0.000000,0.000000,0.000000,0.000000,0.000000
1542418746.600000,0.000000,0.000000,0.000000,0.000000,0.000000,0.000000,0.000000
1542418746.650000,0.000000,0.000000,0.000000,0.000000,0.000000,0.000000,0.000000
1542418746.700000,0.000000,0.000000,0.000000,0.000000,0.000000,0.000000,0.000000
1542418746.750000,0.000000,0.000000,0.000000,0.000000,0.000000,0.000000,0.000000
1542418746.800000,0.000000,0.000000,0.000000,0.000000,0.000000,0.000000,0.000000
1542418746.850000,0.000000,0.000000,0.000000,0.000000,0.000000,0.000000,0.000000
1542418746.900000,0.000000,0.000000,0.000000,0.000000,0.000000,0.000000,0.000000
1542418746.950000,0.000000,0.000000,0.000000,0.000000,0.000000,0.000000,0.000000
1542418747.000000,0.000000,0.000000,0.000000,0.000000,0.000000,0.000000,0.000000
1542418747.050000,0.000000,0.000000,0.000000,0.000000,0.000000,0.000000,0.000000
1542418747.100000,0.000000,0.000000,0.000000,0.000000,0.000000,0.000000,0.000000
1542418747.150000,0.000000,0.000000,0.000000,0.000000,0.000000,0.000000,0.000000
1542418747.200000,0.000000,0.000000,0.000000,0.000000,0.000000,0.000000,0.000000
1542418747.250000,0.000000,0.000000,0.000000,0.000000,0.000000,0.000000,0.000000
1542418747.300000,0.000000,0.000000,0.000000,0.000000,0.000000,0.000000,0.000000
1542418747.350000,0.000000,0.000000,0.000000,0.000000,0.000000,0.000000,0.000000
1542418747.400000,0.000000,0.000000,0.000000,0.000000,0.000000,0.000000,0.000000
1542418747.450000,0.000000,0.000000,0.000000,0.000000,0.000000,0.000000,0.000000
1542418747.500000,0.000000,0.000000,0.000000,0.000000,0.000000,0.000000,0.000000
1542418747.550000,0.000000,0.000000,0.000000,0.000000,0.000000,0.000000,0.000000
1542418747.600000,0.000000,0.000000,0.000000,0.000000,0.000000,0.000000,0.000000
1542418747.650000,0.000000,0.000000,0.000000,0.000000,0.000000,0.000000,0.000000
1542418747.700000,0.000000,0.000000,0.000000,0.000000,0.000000,0.000000,0.000000
1542418747.750000,0.000000,0.000000,0.000000,0.000000,0.000000,0.000000,0.000000
1542418747.800000,0.000000,0.000000,0.000000,0.000000,0.000000,0.000000,0.000000
1542418747.850000,0.000000,0.000000,0.000000,0.000000,0.000000,0.000000,0.000000
1542418747.900000,0.000000,0.000000,0.000000,0.000000,0.000000,0.000000,0.000000
1542418747.950000,0.000000,0.000000,0.000000,0.000000,0.000000,0.000000,0.000000
1542418748.000000,0.000000,0.000000,0.000000,0.000000,0.000000,0.000000,0.000000
1542418748.050000,0.000000,0.000000,0.000000,0.000000,0.000000,0.000000,0.000000
1542418748.100000,0.000000,0.000000,0.000000,0.000000,0.000000,0.000000,0.000000
1542418748.150000,0.000000,0.000000,0.000000,0.000000,0.000000,0.000000,0.000000
1542418748.200000,0.000000,0.000000,0.000000,0.000000,0.000000,0.000000,0.000000
1542418748.250000,0.000000,0.000000,0.000000,0.000000,0.000000,0.000000,0.000000
1542418748.300000,0.000000,0.000000,0.000000,0.000000,0.000000,0.000000,0.000000
1542418748.350000,0.000000,0.000000,0.000000,0.000000,0.000000,0.000000,0.000000
1542418748.400000,0.000000,0.000000,0.000000,0.000000,0.000000,0.000000,0.000000
1542418748.450000,0.000000,0.000000,0.000000,0.000000,0.000000,0.000000,0.000000
1542418748.500000,0.000000,0.000000,0.000000,0.000000,0.000000,0.000000,0.000000
1542418748.550000,0.000000,0.000000,0.000000,0.000000,0.000000,0.000000,0.000000
1542418748.600000,0.000000,0.000000,0.000000,0.000000,0.000000,0.000000,0.000000
1542418748.650000,0.000000,0.000000,0.000000,0.000000,0.000000,0.000000,0.000000
1542418748.700000,0.000000,0.000000,0.000000,0.000000,0.000000,0.000000,0.000000
1542418748.750000,0.000000,0.000000,0.000000,0.000000,0.000000,0.000000,0.000000
1542418748.800000,0.000000,0.000000,0.000000,0.000000,0.000000,0.000000,0.000000
1542418748.850000,0.000000,0.000000,0.000000,0.000000,0.000000,0.000000,0.000000
1542418748.900000,0.000000,0.000000,0.000000,0.000000,0.000000,0.000000,0.000000
1542418748.950000,0.000000,0.000000,0.000000,0.000000,0.000000,0.000000,0.000000
1542418749.000000,0.000000,0.000000,0.000000,0.000000,0.000000,0.000000,0.000000
1542418749.050000,0.000000,0.000000,0.000000,0.000000,0.000000,0.000000,0.000000
1542418749.100000,0.000000,0.000000,0.000000,0.000000,0.000000,0.000000,0.000000
1542418749.150000,0.000000,0.000000,0.000000,0.000000,0.000000,0.000000,0.000000
1542418749.200000,0.000000,0.000000,0.000000,0.000000,0.000000,0.000000,0.000000
1542418749.250000,0.000000,0.000000,0.000000,0.000000,0.000000,0.000000,0.000000
1542418749.300000,0.000000,0.000000,0.000000,0.000000,0.000000,0.000000,0.000000
1542418749.350000,0.000000,0.000000,0.000000,0.000000,0.000000,0.000000,0.000000
1542418749.400000,0.000000,0.000000,0.000000,0.000000,0.000000,0.000000,0.000000
1542418749.450000,0.000000,0.000000,0.000000,0.000000,0.000000,0.000000,0.000000
1542418749.500000,0.000000,0.000000,0.000000,0.000000,0.000000,0.000000,0.000000
1542418749.550000,0.000000,0.000000,0.000000,0.000000,0.000000,0.000000,0.000000
1542418749.600000,0.000000,0.000000,0.000000,0.000000,0.000000,0.000000,0.000000
1542418749.650000,0.000000,0.000000,0.000000,0.000000,0.000000,0.000000,0.000000
1542418749.700000,0.000000,0.000000,0.000000,0.000000,0.000000,0.000000,0.000000
1542418749.750000,0.000000,0.000000,0.000000,0.000000,0.000000,0.000000,0.000000
1542418749.800000,0.000000,0.000000,0.000000,0.000000,0.000000,0.000000,0.000000
1542418749.850000,0.000000,0.000000,0.000000,0.000000,0.000000,0.000000,0.000000
1542418749.900000,0.000000,0.000000,0.000000,0.000000,0.000000,0.000000,0.000000
1542418749.950000,0.000000,0.000000,0.000000,0.000000,0.000000,0.000000,0.000000
1542418750.000000,0.000000,0.000000,0.000000,0.000000,0.000000,0.000000,0.000000
1542418750.050000,0.000000,0.000000,0.000000,0.000000,0.000000,0.000000,0.000000
1542418750.100000,0.000000,0.000000,0.000000,0.000000,0.000000,0.000000,0.000000
1542418750.150000,0.000000,0.000000,0.000000,0.000000,0.000000,0.000000,0.000000
1542418750.200000,0.000000,0.000000,0.000000,0.000000,0.000000,0.000000,0.000000
1542418750.250000,0.000000,0.000000,0.000000,0.000000,0.000000,0.000000,0.000000
1542418750.300000,0.000000,0.000000,0.000000,0.000000,0.000000,0.000000,0.000000
1542418750.350000,0.000000,0.000000,0.000000,0.000000,0.000000,0.000000,0.000000
1542418750.400000,0.000000,0.000000,0.000000,0.000000,0.000000,0.000000,0.000000
1542418750.450000,0.000000,0.000000,0.000000,0.000000,0.000000,0.000000,0.000000
1542418750.500000,0.000000,0.000000,0.000000,0.000000,0.000000,0.000000,0.000000
1542418750.550000,0.000000,0.000000,0.000000,0.000000,0.000000,0.000000,0.000000
1542418750.600000,0.000000,0.000000,0.000000,0.000000,0.000000,0.000000,0.000000
1542418750.650000,0.000000,0.000000,0.000000,0.000000,0.000000,0.000000,0.000000
1542418750.700000,0.000000,0.000000,0.000000,0.000000,0.000000,0.000000,0.000000
1542418750.750000,0.000000,0.000000,0.000000,0.000000,0.000000,0.000000,0.000000
1542418750.800000,0.000000,0.000000,0.000000,0.000000,0.000000,0.000000,0.000000
1542418750.850000,0.000000,0.000000,0.000000,0.000000,0.000000,0.000000,0.000000
1542418750.900000,0.000000,0.000000,0.000000,0.000000,0.000000,0.000000,0.000000
1542418750.950000,0.000000,0.000000,0.000000,0.000000,0.000000,0.000000,0.000000
1542418751.000000,0.000000,0.000000,0.000000,0.000000,0.000000,0.000000,0.000000
1542418751.050000,0.000000,0.000000,0.000000,0.000000,0.000000,0.000000,0.000000
1542418751.100000,0.000000,0.000000,0.000000,0.000000,0.000000,0.000000,0.000000
1542418751.150000,0.000000,0.000000,0.000000,0.000000,0.000000,0.000000,0.000000
1542418751.200000,0.000000,0.000000,0.000000,0.000000,0.000000,0.000000,0.000000
1542418751.250000,0.000000,0.000000,0.000000,0.000000,0.000000,0.000000,0.000000
1542418751.300000,0.000000,0.000000,0.000000,0.000000,0.000000,0.000000,0.000000
1542418751.350000,0.000000,0.000000,0.000000,0.000000,0.000000,0.000000,0.000000
1542418751.400000,0.000000,0.000000,0.000000,0.000000,0.000000,0.000000,0.000000
1542418751.450000,0.000000,0.000000,0.000000,0.000000,0.000000,0.000000,0.000000
1542418751.500000,0.000000,0.000000,0.000000,0.000000,0.000000,0.000000,0.000000
1542418751.550000,0.000000,0.000000,0.000000,0.000000,0.000000,0.000000,0.000000
1542418751.600000,0.000000,0.000000,0.000000,0.000000,0.000000,0.000000,0.000000
1542418751.650000,0.000000,0.000000,0.000000,0.000000,0.000000,0.000000,0.000000
1542418751.700000,0.000000,0.000000,0.000000,0.000000,0.000000,0.000000,0.000000
1542418751.750000,0.000000,0.000000,0.000000,0.000000,0.000000,0.000000,0.000000
1542418751.800000,0.000000,0.000000,0.000000,0.000000,0.000000,0.000000,0.000000
1542418751.850000,0.000000,0.000000,0.000000,0.000000,0.000000,0.000000,0.000000
1542418751.900000,0.000000,0.000000,0.000000,0.000000,0.000000,0.000000,0.000000
1542418751.950000,0.000000,0.000000,0.000000,0.000000,0.000000,0.000000,0.000000
1542418752.000000,0.000000,0.000000,0.000000,0.000000,0.000000,0.000000,0.000000
1542418752.050000,0.000000,0.000000,0.000000,0.000000,0.000000,0.000000,0.000000
1542418752.100000,0.000000,0.000000,0.000000,0.000000,0.000000,0.000000,0.000000
1542418752.150000,0.000000,0.000000,0.000000,0.000000,0.000000,0.000000,0.000000
1542418752.200000,0.000000,0.000000,0.000000,0.000000,0.000000,0.000000,0.000000
1542418752.250000,0.000000,0.000000,0.000000,0.000000,0.000000,0.000000,0.000000
1542418752.300000,0.000000,0.000000,0.000000,0.000000,0.000000,0.000000,0.000000
1542418752.350000,0.000000,0.000000,0.000000,0.000000,0.000000,0.000000,0.000000
1542418752.400000,0.000000,0.000000,0.000000,0.000000,0.000000,0.000000,0.000000
1542418752.450000,0.000000,0.000000,0.000000,0.000000,0.000000,0.000000,0.000000
1542418752.500000,0.000000,0.000000,0.000000,0.000000,0.000000,0.000000,0.000000
1542418752.550000,0.000000,0.000000,0.000000,0.000000,0.000000,0.000000,0.000000
1542418752.600000,0.000000,0.000000,0.000000,0.000000,0.000000,0.000000,0.000000
1542418752.650000,0.000000,0.000000,0.000000,0.000000,0.000000,0.000000,0.000000
1542418752.700000,0.000000,0.000000,0.000000,0.000000,0.000000,0.000000,0.000000
1542418752.750000,0.000000,0.000000,0.000000,0.000000,0.000000,0.000000,0.000000
1542418752.800000,0.000000,0.000000,0.000000,0.000000,0.000000,0.000000,0.000000
1542418752.850000,0.000000,0.000000,0.000000,0.000000,0.000000,0.000000,0.000000
1542418752.900000,0.000000,0.000000,0.000000,0.000000,0.000000,0.000000,0.000000
1542418752.950000,0.000000,0.000000,0.000000,0.000000,0.000000,0.000000,0.000000
1542418753.000000,0.000000,0.000000,0.000000,0.000000,0.000000,0.000000,0.000000
1542418753.050000,0.000000,0.000000,0.000000,0.000000,0.000000,0.000000,0.000000
1542418753.100000,0.000000,0.000000,0.000000,0.000000,0.000000,0.000000,0.000000
1542418753.150000,0.000000,0.000000,0.000000,0.000000,0.000000,0.000000,0.000000
1542418753.200000,0.000000,0.000000,0.000000,0.000000,0.000000,0.000000,0.000000
1542418753.250000,0.000000,0.000000,0.000000,0.000000,0.000000,0.000000,0.000000
1542418753.300000,0.000000,0.000000,0.000000,0.000000,0.000000,0.000000,0.000000
1542418753.350000,0.000000,0.000000,0.000000,0.000000,0.000000,0.000000,0.000000
1542418753.400000,0.000000,0.000000,0.000000,0.000000,0.000000,0.000000,0.000000
1542418753.450000,0.000000,0.000000,0.000000,0.000000,0.000000,0.000000,0.000000
1542418753.500000,0.000000,0.000000,0.000000,0.000000,0.000000,0.000000,0.000000
1542418753.550000,0.000000,0.000000,0.000000,0.000000,0.000000,0.000000,0.000000
1542418753.600000,0.000000,0.000000,0.000000,0.000000,0.000000,0.000000,0.000000
1542418753.650000,0.000000,0.000000,0.000000,0.000000,0.000000,0.000000,0.000000
1542418753.700000,0.000000,0.000000,0.000000,0.000000,0.000000,0.000000,0.000000
1542418753.750000,0.000000,0.000000,0.000000,0.000000,0.000000,0.000000,0.000000
1542418753.800000,0.000000,0.000000,0.000000,0.000000,0.000000,0.000000,0.000000
1542418753.850000,0.000000,0.000000,0.000000,0.000000,0.000000,0.000000,0.000000
1542418753.900000,0.000000,0.000000,0.000000,0.000000,0.000000,0.000000,0.000000
1542418753.950000,0.000000,0.000000,0.000000,0.000000,0.000000,0.000000,0.000000
1542418754.000000,0.000000,0.000000,0.000000,0.000000,0.000000,0.000000,0.000000
1542418754.050000,0.000000,0.000000,0.000000,0.000000,0.000000,0.000000,0.000000
1542418754.100000,0.000000,0.000000,0.000000,0.000000,0.000000,0.000000,0.000000
1542418754.150000,0.000000,0.000000,0.000000,0.000000,0.000000,0.000000,0.000000
1542418754.200000,0.000000,0.000000,0.000000,0.000000,0.000000,0.000000,0.000000
1542418754.250000,0.000000,0.000000,0.000000,0.000000,0.000000,0.000000,0.000000
1542418754.300000,0.000000,0.000000,0.000000,0.000000,0.000000,0.000000,0.000000
1542418754.350000,0.000000,0.000000,0.000000,0.000000,0.000000,0.000000,0.000000
1542418754.400000,0.000000,0.000000,0.000000,0.000000,0.000000,0.000000,0.000000
1542418754.450000,0.000000,0.000000,0.000000,0.000000,0.000000,0.000000,0.000000
1542418754.500000,0.000000,0.000000,0.000000,0.000000,0.000000,0.000000,0.000000
1542418754.550000,0.000000,0.000000,0.000000,0.000000,0.000000,0.000000,0.000000
1542418754.600000,0.000000,0.000000,0.000000,0.000000,0.000000,0.000000,0.000000
1542418754.650000,0.000000,0.000000,0.000000,0.000000,0.000000,0.000000,0.000000
1542418754.700000,0.000000,0.000000,0.000000,0.000000,0.000000,0.000000,0.000000
1542418754.750000,0.000000,0.000000,0.000000,0.000000,0.000000,0.000000,0.000000
1542418754.800000,0.000000,0.000000,0.000000,0.000000,0.000000,0.000000,0.000000
1542418754.850000,0.000000,0.000000,0.000000,0.000000,0.000000,0.000000,0.000000
1542418754.900000,0.000000,0.000000,0.000000,0.000000,0.000000,0.000000,0.000000
1542418754.950000,0.000000,0.000000,0.000000,0.000000,0.000000,0.000000,0.000000
1542418755.000000,0.000000,0.000000,0.000000,0.000000,0.000000,0.000000,0.000000
1542418755.050000,0.000000,0.000000,0.000000,0.000000,0.000000,0.000000,0.000000
1542418755.100000,0.000000,0.000000,0.000000,0.000000,0.000000,0.000000,0.000000
1542418755.150000,0.000000,0.000000,0.000000,0.000000,0.000000,0.000000,0.000000
1542418755.200000,0.000000,0.000000,0.000000,0.000000,0.000000,0.000000,0.000000
1542418755.250000,0.000000,0.000000,0.000000,0.000000,0.000000,0.000000,0.000000
1542418755.300000,0.000000,0.000000,0.000000,0.000000,0.000000,0.000000,0.000000
1542418755.350000,0.000000,0.000000,0.000000,0.000000,0.000000,0.000000,0.000000
1542418755.400000,0.000000,0.000000,0.000000,0.000000,0.000000,0.000000,0.000000
1542418755.450000,0.000000,0.000000,0.000000,0.000000,0.000000,0.000000,0.000000
1542418755.500000,0.000000,0.000000,0.000000,0.000000,0.000000,0.000000,0.000000
1542418755.550000,0.000000,0.000000,0.000000,0.000000,0.000000,0.000000,0.000000
1542418755.600000,0.000000,0.000000,0.000000,0.000000,0.000000,0.000000,0.000000
1542418755.650000,0.000000,0.000000,0.000000,0.000000,0.000000,0.000000,0.000000
1542418755.700000,0.000000,0.000000,0.000000,0.000000,0.000000,0.000000,0.000000
1542418755.750000,0.000000,0.000000,0.000000,0.000000,0.000000,0.000000,0.000000
1542418755.800000,0.000000,0.000000,0.000000,0.000000,0.000000,0.000000,0.000000
1542418755.850000,0.000000,0.000000,0.000000,0.000000,0.000000,0.000000,0.000000
1542418755.900000,0.000000,0.000000,0.000000,0.000000,0.000000,0.000000,0.000000
1542418755.950000,0.000000,0.000000,0.000000,0.000000,0.000000,0.000000,0.000000
1542418756.000000,0.000000,0.000000,0.000000,0.000000,0.000000,0.000000,0.000000
1542418756.050000,0.000000,0.000000,0.000000,0.000000,0.000000,0.000000,0.000000
1542418756.100000,0.000000,0.000000,0.000000,0.000000,0.000000,0.000000,0.000000
1542418756.150000,0.000000,0.000000,0.000000,0.000000,0.000000,0.000000,0.000000
1542418756.200000,0.000000,0.000000,0.000000,0.000000,0.000000,0.000000,0.000000
1542418756.250000,0.000000,0.000000,0.000000,0.000000,0.000000,0.000000,0.000000
1542418756.300000,0.000000,0.000000,0.000000,0.000000,0.000000,0.000000,0.000000
1542418756.350000,0.000000,0.000000,0.000000,0.000000,0.000000,0.000000,0.000000
1542418756.400000,0.000000,0.000000,0.000000,0.000000,0.000000,0.000000,0.000000
1542418756.450000,0.000000,0.000000,0.000000,0.000000,0.000000,0.000000,0.000000
1542418756.500000,0.000000,0.000000,0.000000,0.000000,0.000000,0.000000,0.000000
1542418756.550000,0.000000,0.000000,0.000000,0.000000,0.000000,0.000000,0.000000
1542418756.600000,0.000000,0.000000,0.000000,0.000000,0.000000,0.000000,0.000000
1542418756.650000,0.000000,0.000000,0.000000,0.000000,0.000000,0.000000,0.000000
1542418756.700000,0.000000,0.000000,0.000000,0.000000,0.000000,0.000000,0.000000
1542418756.750000,0.000000,0.000000,0.000000,0.000000,0.000000,0.000000,0.000000
1542418756.800000,0.000000,0.000000,0.000000,0.000000,0.000000,0.000000,0.000000
1542418756.850000,0.000000,0.000000,0.000000,0.000000,0.000000,0.000000,0.000000
1542418756.900000,0.000000,0.000000,0.000000,0.000000,0.000000,0.000000,0.000000
1542418756.950000,0.000000,0.000000,0.000000,0.000000,0.000000,0.000000,0.000000
1542418757.000000,0.000000,0.000000,0.000000,0.000000,0.000000,0.000000,0.000000
1542418757.050000,0.000000,0.000000,0.000000,0.000000,0.000000,0.000000,0.000000
1542418757.100000,0.000000,0.000000,0.000000,0.000000,0.000000,0.000000,0.000000
1542418757.150000,0.000000,0.000000,0.000000,0.000000,0.000000,0.000000,0.000000
1542418757.200000,0.000000,0.000000,0.000000,0.000000,0.000000,0.000000,0.000000
1542418757.250000,0.000000,0.000000,0.000000,0.000000,0.000000,0.000000,0.000000
1542418757.300000,0.000000,0.000000,0.000000,0.000000,0.000000,0.000000,0.000000
1542418757.350000,0.000000,0.000000,0.000000,0.000000,0.000000,0.000000,0.000000
1542418757.400000,0.000000,0.000000,0.000000,0.000000,0.000000,0.000000,0.000000
1542418757.450000,0.000000,0.000000,0.000000,0.000000,0.000000,0.000000,0.000000
1542418757.500000,0.000000,0.000000,0.000000,0.000000,0.000000,0.000000,0.000000
1542418757.550000,0.000000,0.000000,0.000000,0.000000,0.000000,0.000000,0.000000
1542418757.600000,0.000000,0.000000,0.000000,0.000000,0.000000,0.000000,0.000000
1542418757.650000,0.000000,0.000000,0.000000,0.000000,0.000000,0.000000,0.000000
1542418757.700000,0.000000,0.000000,0.000000,0.000000,0.000000,0.000000,0.000000
1542418757.750000,0.000000,0.000000,0.000000,0.000000,0.000000,0.000000,0.000000
1542418757.800000,0.000000,0.000000,0.000000,0.000000,0.000000,0.000000,0.000000
1542418757.850000,0.000000,0.000000,0.000000,0.000000,0.000000,0.000000,0.000000
1542418757.900000,0.000000,0.000000,0.000000,0.000000,0.000000,0.000000,0.000000
1542418757.950000,0.000000,0.000000,0.000000,0.000000,0.000000,0.000000,0.000000
1542418758.000000,0.000000,0.000000,0.000000,0.000000,0.000000,0.000000,0.000000
1542418758.050000,0.000000,0.000000,0.000000,0.000000,0.000000,0.000000,0.000000
1542418758.100000,0.000000,0.000000,0.000000,0.000000,0.000000,0.000000,0.000000
1542418758.150000,0.000000,0.000000,0.000000,0.000000,0.000000,0.000000,0.000000
1542418758.200000,0.000000,0.000000,0.000000,0.000000,0.000000,0.000000,0.000000
1542418758.250000,0.000000,0.000000,0.000000,0.000000,0.000000,0.000000,0.000000
1542418758.300000,0.000000,0.000000,0.000000,0.000000,0.000000,0.000000,0.000000
1542418758.350000,0.000000,0.000000,0.000000,0.000000,0.000000,0.000000,0.000000
1542418758.400000,0.000000,0.000000,0.000000,0.000000,0.000000,0.000000,0.000000
1542418758.450000,0.000000,0.000000,0.000000,0.000000,0.000000,0.000000,0.000000
1542418758.500000,0.000000,0.000000,0.000000,0.000000,0.000000,0.000000,0.000000
1542418758.550000,0.000000,0.000000,0.000000,0.000000,0.000000,0.000000,0.000000
1542418758.600000,0.000000,0.000000,0.000000,0.000000,0.000000,0.000000,0.000000
1542418758.650000,0.000000,0.000000,0.000000,0.000000,0.000000,0.000000,0.000000
1542418758.700000,0.000000,0.000000,0.000000,0.000000,0.000000,0.000000,0.000000
1542418758.750000,0.000000,0.000000,0.000000,0.000000,0.000000,0.000000,0.000000
1542418758.800000,0.000000,0.000000,0.000000,0.000000,0.000000,0.000000,0.000000
1542418758.850000,0.000000,0.000000,0.000000,0.000000,0.000000,0.000000,0.000000
1542418758.900000,0.000000,0.000000,0.000000,0.000000,0.000000,0.000000,0.000000
1542418758.950000,0.000000,0.000000,0.000000,0.000000,0.000000,0.000000,0.000000
1542418759.000000,0.000000,0.000000,0.000000,0.000000,0.000000,0.000000,0.000000
1542418759.050000,0.000000,0.000000,0.000000,0.000000,0.000000,0.000000,0.000000
1542418759.100000,0.000000,0.000000,0.000000,0.000000,0.000000,0.000000,0.000000
1542418759.150000,0.000000,0.000000,0.000000,0.000000,0.000000,0.000000,0.000000
1542418759.200000,0.000000,0.000000,0.000000,0.000000,0.000000,0.000000,0.000000
1542418759.250000,0.000000,0.000000,0.000000,0.000000,0.000000,0.000000,0.000000
1542418759.300000,0.000000,0.000000,0.000000,0.000000,0.000000,0.000000,0.000000
1542418759.350000,0.000000,0.000000,0.000000,0.000000,0.000000,0.000000,0.000000
1542418759.400000,0.000000,0.000000,0.000000,0.000000,0.000000,0.000000,0.000000
1542418759.450000,0.000000,0.000000,0.000000,0.000000,0.000000,0.000000,0.000000
1542418759.500000,0.000000,0.000000,0.000000,0.000000,0.000000,0.000000,0.000000
1542418759.550000,0.000000,0.000000,0.000000,0.000000,0.000000,0.000000,0.000000
1542418759.600000,0.000000,0.000000,0.000000,0.000000,0.000000,0.000000,0.000000
1542418759.650000,0.000000,0.000000,0.000000,0.000000,0.000000,0.000000,0.000000
1542418759.700000,0.000000,0.000000,0.000000,0.000000,0.000000,0.000000,0.000000
1542418759.750000,0.000000,0.000000,0.000000,0.000000,0.000000,0.000000,0.000000
1542418759.800000,0.000000,0.000000,0.000000,0.000000,0.000000,0.000000,0.000000
1542418759.850000,0.000000,0.000000,0.000000,0.000000,0.000000,0.000000,0.000000
1542418759.900000,0.000000,0.000000,0.000000,0.000000,0.000000,0.000000,0.000000
1542418759.950000,0.000000,0.000000,0.000000,0.000000,0.000000,0.000000,0.000000
1542418760.000000,0.000000,0.000000,0.000000,0.000000,0.000000,0.000000,0.000000
1542418760.050000,0.000000,0.000000,0.000000,0.000000,0.000000,0.000000,0.000000
1542418760.100000,0.000000,0.000000,0.000000,0.000000,0.000000,0.000000,0.000000
1542418760.150000,0.000000,0.000000,0.000000,0.000000,0.000000,0.000000,0.000000
1542418760.200000,0.000000,0.000000,0.000000,0.000000,0.000000,0.000000,0.000000
1542418760.250000,0.000000,0.000000,0.000000,0.000000,0.000000,0.000000,0.000000
1542418760.300000,0.000000,0.000000,0.000000,0.000000,0.000000,0.000000,0.000000
1542418760.350000,0.000000,0.000000,0.000000,0.000000,0.000000,0.000000,0.000000
1542418760.400000,0.000000,0.000000,0.000000,0.000000,0.000000,0.000000,0.000000
1542418760.450000,0.000000,0.000000,0.000000,0.000000,0.000000,0.000000,0.000000
1542418760.500000,0.000000,0.000000,0.000000,0.000000,0.000000,0.000000,0.000000
1542418760.550000,0.000000,0.000000,0.000000,0.000000,0.000000,0.000000,0.000000
1542418760.600000,0.000000,0.000000,0.000000,0.000000,0.000000,0.000000,0.000000
1542418760.650000,0.000000,0.000000,0.000000,0.000000,0.000000,0.000000,0.000000
1542418760.700000,0.000000,0.000000,0.000000,0.000000,0.000000,0.000000,0.000000
1542418760.750000,0.000000,0.000000,0.000000,0.000000,0.000000,0.000000,0.000000
1542418760.800000,0.000000,0.000000,0.000000,0.000000,0.000000,0.000000,0.000000
1542418760.850000,0.000000,0.000000,0.000000,0.000000,0.000000,0.000000,0.000000
1542418760.900000,0.000000,0.000000,0.000000,0.000000,0.000000,0.000000,0.000000
1542418760.950000,0.000000,0.000000,0.000000,0.000000,0.000000,0.000000,0.000000
1542418761.000000,0.000000,0.000000,0.000000,0.000000,0.000000,0.000000,0.000000
1542418761.050000,0.000000,0.000000,0.000000,0.000000,0.000000,0.000000,0.000000
1542418761.100000,0.000000,0.000000,0.000000,0.000000,0.000000,0.000000,0.000000
1542418761.150000,0.000000,0.000000,0.000000,0.000000,0.000000,0.000000,0.000000
1542418761.200000,0.000000,0.000000,0.000000,0.000000,0.000000,0.000000,0.000000
1542418761.250000,0.000000,0.000000,0.000000,0.000000,0.000000,0.000000,0.000000
1542418761.300000,0.000000,0.000000,0.000000,0.000000,0.000000,0.000000,0.000000
1542418761.350000,0.000000,0.000000,0.000000,0.000000,0.000000,0.000000,0.000000
1542418761.400000,0.000000,0.000000,0.000000,0.000000,0.000000,0.000000,0.000000
1542418761.450000,0.000000,0.000000,0.000000,0.000000,0.000000,0.000000,0.000000
1542418761.500000,0.000000,0.000000,0.000000,0.000000,0.000000,0.000000,0.000000
1542418761.550000,0.000000,0.000000,0.000000,0.000000,0.000000,0.000000,0.000000
1542418761.600000,0.000000,0.000000,0.000000,0.000000,0.000000,0.000000,0.000000
1542418761.650000,0.000000,0.000000,0.000000,0.000000,0.000000,0.000000,0.000000
1542418761.700000,0.000000,0.000000,0.000000,0.000000,0.000000,0.000000,0.000000
1542418761.750000,0.000000,0.000000,0.000000,0.000000,0.000000,0.000000,0.000000
1542418761.800000,0.000000,0.000000,0.000000,0.000000,0.000000,0.000000,0.000000
1542418761.850000,0.000000,0.000000,0.000000,0.000000,0.000000,0.000000,0.000000
1542418761.900000,0.000000,0.000000,0.000000,0.000000,0.000000,0.000000,0.000000
1542418761.950000,0.000000,0.000000,0.000000,0.000000,0.000000,0.000000,0.000000
1542418762.000000,0.000000,0.000000,0.000000,0.000000,0.000000,0.000000,0.000000
1542418762.050000,0.000000,0.000000,0.000000,0.000000,0.000000,0.000000,0.000000
1542418762.100000,0.000000,0.000000,0.000000,0.000000,0.000000,0.000000,0.000000
1542418762.150000,0.000000,0.000000,0.000000,0.000000,0.000000,0.000000,0.000000
1542418762.200000,0.000000,0.000000,0.000000,0.000000,0.000000,0.000000,0.000000
1542418762.250000,0.000000,0.000000,0.000000,0.000000,0.000000,0.000000,0.000000
1542418762.300000,0.000000,0.000000,0.000000,0.000000,0.000000,0.000000,0.000000
1542418762.350000,0.000000,0.000000,0.000000,0.000000,0.000000,0.000000,0.000000
1542418762.400000,0.000000,0.000000,0.000000,0.000000,0.000000,0.000000,0.000000
1542418762.450000,0.000000,0.000000,0.000000,0.000000,0.000000,0.000000,0.000000
1542418762.500000,0.000000,0.000000,0.000000,0.000000,0.000000,0.000000,0.000000
1542418762.550000,0.000000,0.000000,0.000000,0.000000,0.000000,0.000000,0.000000
1542418762.600000,0.000000,0.000000,0.000000,0.000000,0.000000,0.000000,0.000000
1542418762.650000,0.000000,0.000000,0.000000,0.000000,0.000000,0.000000,0.000000
1542418762.700000,0.000000,0.000000,0.000000,0.000000,0.000000,0.000000,0.000000
1542418762.750000,0.000000,0.000000,0.000000,0.000000,0.000000,0.000000,0.000000
1542418762.800000,0.000000,0.000000,0.000000,0.000000,0.000000,0.000000,0.000000
1542418762.850000,0.000000,0.000000,0.000000,0.000000,0.000000,0.000000,0.000000
1542418762.900000,0.000000,0.000000,0.000000,0.000000,0.000000,0.000000,0.000000
1542418762.950000,0.000000,0.000000,0.000000,0.000000,0.000000,0.000000,0.000000
1542418763.000000,0.000000,0.000000,0.000000,0.000000,0.000000,0.000000,0.000000
1542418763.050000,0.000000,0.000000,0.000000,0.000000,0.000000,0.000000,0.000000
1542418763.100000,0.000000,0.000000,0.000000,0.000000,0.000000,0.000000,0.000000
1542418763.150000,0.000000,0.000000,0.000000,0.000000,0.000000,0.000000,0.000000
1542418763.200000,0.000000,0.000000,0.000000,0.000000,0.000000,0.000000,0.000000
1542418763.250000,0.000000,0.000000,0.000000,0.000000,0.000000,0.000000,0.000000
1542418763.300000,0.000000,0.000000,0.000000,0.000000,0.000000,0.000000,0.000000
1542418763.350000,0.000000,0.000000,0.000000,0.000000,0.000000,0.000000,0.000000
1542418763.400000,0.000000,0.000000,0.000000,0.000000,0.000000,0.000000,0.000000
1542418763.450000,0.000000,0.000000,0.000000,0.000000,0.000000,0.000000,0.000000
1542418763.500000,0.000000,0.000000,0.000000,0.000000,0.000000,0.000000,0.000000
1542418763.550000,0.000000,0.000000,0.000000,0.000000,0.000000,0.000000,0.000000
1542418763.600000,0.000000,0.000000,0.000000,0.000000,0.000000,0.000000,0.000000
1542418763.650000,0.000000,0.000000,0.000000,0.000000,0.000000,0.000000,0.000000
1542418763.700000,0.000000,0.000000,0.000000,0.000000,0.000000,0.000000,0.000000
1542418763.750000,0.000000,0.000000,0.000000,0.000000,0.000000,0.000000,0.000000
1542418763.800000,0.000000,0.000000,0.000000,0.000000,0.000000,0.000000,0.000000
1542418763.850000,0.000000,0.000000,0.000000,0.000000,0.000000,0.000000,0.000000
1542418763.900000,0.000000,0.000000,0.000000,0.000000,0.000000,0.000000,0.000000
1542418763.950000,0.000000,0.000000,0.000000,0.000000,0.000000,0.000000,0.000000
1542418764.000000,0.000000,0.000000,0.000000,0.000000,0.000000,0.000000,0.000000
1542418764.050000,0.000000,0.000000,0.000000,0.000000,0.000000,0.000000,0.000000
1542418764.100000,0.000000,0.000000,0.000000,0.000000,0.000000,0.000000,0.000000
1542418764.150000,0.000000,0.000000,0.000000,0.000000,0.000000,0.000000,0.000000
1542418764.200000,0.000000,0.000000,0.000000,0.000000,0.000000,0.000000,0.000000
1542418764.250000,0.000000,0.000000,0.000000,0.000000,0.000000,0.000000,0.000000
1542418764.300000,0.000000,0.000000,0.000000,0.000000,0.000000,0.000000,0.000000
1542418764.350000,0.000000,0.000000,0.000000,0.000000,0.000000,0.000000,0.000000
1542418764.400000,0.000000,0.000000,0.000000,0.000000,0.000000,0.000000,0.000000
1542418764.450000,0.000000,0.000000,0.000000,0.000000,0.000000,0.000000,0.000000
1542418764.500000,0.000000,0.000000,0.000000,0.000000,0.000000,0.000000,0.000000
1542418764.550000,0.000000,0.000000,0.000000,0.000000,0.000000,0.000000,0.000000
1542418764.600000,0.000000,0.000000,0.000000,0.000000,0.000000,0.000000,0.000000
1542418764.650000,0.000000,0.000000,0.000000,0.000000,0.000000,0.000000,0.000000
1542418764.700000,0.000000,0.000000,0.000000,0.000000,0.000000,0.000000,0.000000
1542418764.750000,0.000000,0.000000,0.000000,0.000000,0.000000,0.000000,0.000000
1542418764.800000,0.000000,0.000000,0.000000,0.000000,0.000000,0.000000,0.000000
1542418764.850000,0.000000,0.000000,0.000000,0.000000,0.000000,0.000000,0.000000
1542418764.900000,0.000000,0.000000,0.000000,0.000000,0.000000,0.000000,0.000000
1542418764.950000,0.000000,0.000000,0.000000,0.000000,0.000000,0.000000,0.000000
1542418765.000000,0.000000,0.000000,0.000000,0.000000,0.000000,0.000000,0.000000
1542418765.050000,0.000000,0.000000,0.000000,0.000000,0.000000,0.000000,0.000000
1542418765.100000,0.000000,0.000000,0.000000,0.000000,0.000000,0.000000,0.000000
1542418765.150000,0.000000,0.000000,0.000000,0.000000,0.000000,0.000000,0.000000
1542418765.200000,0.000000,0.000000,0.000000,0.000000,0.000000,0.000000,0.000000
1542418765.250000,0.000000,0.000000,0.000000,0.000000,0.000000,0.000000,0.000000
1542418765.300000,0.000000,0.000000,0.000000,0.000000,0.000000,0.000000,0.000000
1542418765.350000,0.000000,0.000000,0.000000,0.000000,0.000000,0.000000,0.000000
1542418765.400000,0.000000,0.000000,0.000000,0.000000,0.000000,0.000000,0.000000
1542418765.450000,0.000000,0.000000,0.000000,0.000000,0.000000,0.000000,0.000000
1542418765.500000,0.000000,0.000000,0.000000,0.000000,0.000000,0.000000,0.000000
1542418765.550000,0.000000,0.000000,0.000000,0.000000,0.000000,0.000000,0.000000
1542418765.600000,0.000000,0.000000,0.000000,0.000000,0.000000,0.000000,0.000000
1542418765.650000,0.000000,0.000000,0.000000,0.000000,0.000000,0.000000,0.000000
1542418765.700000,0.000000,0.000000,0.000000,0.000000,0.000000,0.000000,0.000000
1542418765.750000,0.000000,0.000000,0.000000,0.000000,0.000000,0.000000,0.000000
1542418765.800000,0.000000,0.000000,0.000000,0.000000,0.000000,0.000000,0.000000
1542418765.850000,0.000000,0.000000,0.000000,0.000000,0.000000,0.000000,0.000000
1542418765.900000,0.000000,0.000000,0.000000,0.000000,0.000000,0.000000,0.000000
1542418765.950000,0.000000,0.000000,0.000000,0.000000,0.000000,0.000000,0.000000
1542418766.000000,0.000000,0.000000,0.000000,0.000000,0.000000,0.000000,0.000000
1542418766.050000,0.000000,0.000000,0.000000,0.000000,0.000000,0.000000,0.000000
1542418766.100000,0.000000,0.000000,0.000000,0.000000,0.000000,0.000000,0.000000
1542418766.150000,0.000000,0.000000,0.000000,0.000000,0.000000,0.000000,0.000000
1542418766.200000,0.000000,0.000000,0.000000,0.000000,0.000000,0.000000,0.000000
1542418766.250000,0.000000,0.000000,0.000000,0.000000,0.000000,0.000000,0.000000
1542418766.300000,0.000000,0.000000,0.000000,0.000000,0.000000,0.000000,0.000000
1542418766.350000,0.000000,0.000000,0.000000,0.000000,0.000000,0.000000,0.000000
1542418766.400000,0.000000,0.000000,0.000000,0.000000,0.000000,0.000000,0.000000
1542418766.450000,0.000000,0.000000,0.000000,0.000000,0.000000,0.000000,0.000000
1542418766.500000,0.000000,0.000000,0.000000,0.000000,0.000000,0.000000,0.000000
1542418766.550000,0.000000,0.000000,0.000000,0.000000,0.000000,0.000000,0.000000
1542418766.600000,0.000000,0.000000,0.000000,0.000000,0.000000,0.000000,0.000000
1542418766.650000,0.000000,0.000000,0.000000,0.000000,0.000000,0.000000,0.000000
1542418766.700000,0.000000,0.000000,0.000000,0.000000,0.000000,0.000000,0.000000
1542418766.750000,0.000000,0.000000,0.000000,0.000000,0.000000,0.000000,0.000000
1542418766.800000,0.000000,0.000000,0.000000,0.000000,0.000000,0.000000,0.000000
1542418766.850000,0.000000,0.000000,0.000000,0.000000,0.000000,0.000000,0.000000
1542418766.900000,0.000000,0.000000,0.000000,0.000000,0.000000,0.000000,0.000000
1542418766.950000,0.000000,0.000000,0.000000,0.000000,0.000000,0.000000,0.000000
1542418767.000000,0.000000,0.000000,0.000000,0.000000,0.000000,0.000000,0.000000
1542418767.050000,0.000000,0.000000,0.000000,0.000000,0.000000,0.000000,0.000000
1542418767.100000,0.000000,0.000000,0.000000,0.000000,0.000000,0.000000,0.000000
1542418767.150000,0.000000,0.000000,0.000000,0.000000,0.000000,0.000000,0.000000
1542418767.200000,0.000000,0.000000,0.000000,0.000000,0.000000,0.000000,0.000000
1542418767.250000,0.000000,0.000000,0.000000,0.000000,0.000000,0.000000,0.000000
1542418767.300000,0.000000,0.000000,0.000000,0.000000,0.000000,0.000000,0.000000
1542418767.350000,0.000000,0.000000,0.000000,0.000000,0.000000,0.000000,0.000000
1542418767.400000,0.000000,0.000000,0.000000,0.000000,0.000000,0.000000,0.000000
1542418767.450000,0.000000,0.000000,0.000000,0.000000,0.000000,0.000000,0.000000
1542418767.500000,0.000000,0.000000,0.000000,0.000000,0.000000,0.000000,0.000000
1542418767.550000,0.000000,0.000000,0.000000,0.000000,0.000000,0.000000,0.000000
1542418767.600000,0.000000,0.000000,0.000000,0.000000,0.000000,0.000000,0.000000
1542418767.650000,0.000000,0.000000,0.000000,0.000000,0.000000,0.000000,0.000000
1542418767.700000,0.000000,0.000000,0.000000,0.000000,0.000000,0.000000,0.000000
1542418767.750000,0.000000,0.000000,0.000000,0.000000,0.000000,0.000000,0.000000
1542418767.800000,0.000000,0.000000,0.000000,0.000000,0.000000,0.000000,0.000000
1542418767.850000,0.000000,0.000000,0.000000,0.000000,0.000000,0.000000,0.000000
1542418767.900000,0.000000,0.000000,0.000000,0.000000,0.000000,0.000000,0.000000
1542418767.950000,0.000000,0.000000,0.000000,0.000000,0.000000,0.000000,0.000000
1542418768.000000,0.000000,0.000000,0.000000,0.000000,0.000000,0.000000,0.000000
1542418768.050000,0.000000,0.000000,0.000000,0.000000,0.000000,0.000000,0.000000
1542418768.100000,0.000000,0.000000,0.000000,0.000000,0.000000,0.000000,0.000000
1542418768.150000,0.000000,0.000000,0.000000,0.000000,0.000000,0.000000,0.000000
1542418768.200000,0.000000,0.000000,0.000000,0.000000,0.000000,0.000000,0.000000
1542418768.250000,0.000000,0.000000,0.000000,0.000000,0.000000,0.000000,0.000000
1542418768.300000,0.000000,0.000000,0.000000,0.000000,0.000000,0.000000,0.000000
1542418768.350000,0.000000,0.000000,0.000000,0.000000,0.000000,0.000000,0.000000
1542418768.400000,0.000000,0.000000,0.000000,0.000000,0.000000,0.000000,0.000000
1542418768.450000,0.000000,0.000000,0.000000,0.000000,0.000000,0.000000,0.000000
1542418768.500000,0.000000,0.000000,0.000000,0.000000,0.000000,0.000000,0.000000
1542418768.550000,0.000000,0.000000,0.000000,0.000000,0.000000,0.000000,0.000000
1542418768.600000,0.000000,0.000000,0.000000,0.000000,0.000000,0.000000,0.000000
1542418768.650000,0.000000,0.000000,0.000000,0.000000,0.000000,0.000000,0.000000
1542418768.700000,0.000000,0.000000,0.000000,0.000000,0.000000,0.000000,0.000000
1542418768.750000,0.000000,0.000000,0.000000,0.000000,0.000000,0.000000,0.000000
1542418768.800000,0.000000,0.000000,0.000000,0.000000,0.000000,0.000000,0.000000
1542418768.850000,0.000000,0.000000,0.000000,0.000000,0.000000,0.000000,0.000000
1542418768.900000,0.000000,0.000000,0.000000,0.000000,0.000000,0.000000,0.000000
1542418768.950000,0.000000,0.000000,0.000000,0.000000,0.000000,0.000000,0.000000
1542418769.000000,0.000000,0.000000,0.000000,0.000000,0.000000,0.000000,0.000000
1542418769.050000,0.000000,0.000000,0.000000,0.000000,0.000000,0.000000,0.000000
1542418769.100000,0.000000,0.000000,0.000000,0.000000,0.000000,0.000000,0.000000
1542418769.150000,0.000000,0.000000,0.000000,0.000000,0.000000,0.000000,0.000000
1542418769.200000,0.000000,0.000000,0.000000,0.000000,0.000000,0.000000,0.000000
1542418769.250000,0.000000,0.000000,0.000000,0.000000,0.000000,0.000000,0.000000
1542418769.300000,0.000000,0.000000,0.000000,0.000000,0.000000,0.000000,0.000000
1542418769.350000,0.000000,0.000000,0.000000,0.000000,0.000000,0.000000,0.000000
1542418769.400000,0.000000,0.000000,0.000000,0.000000,0.000000,0.000000,0.000000
1542418769.450000,0.000000,0.000000,0.000000,0.000000,0.000000,0.000000,0.000000
1542418769.500000,0.000000,0.000000,0.000000,0.000000,0.000000,0.000000,0.000000
1542418769.550000,0.000000,0.000000,0.000000,0.000000,0.000000,0.000000,0.000000
1542418769.600000,0.000000,0.000000,0.000000,0.000000,0.000000,0.000000,0.000000
1542418769.650000,0.000000,0.000000,0.000000,0.000000,0.000000,0.000000,0.000000
1542418769.700000,0.000000,0.000000,0.000000,0.000000,0.000000,0.000000,0.000000
1542418769.750000,0.000000,0.000000,0.000000,0.000000,0.000000,0.000000,0.000000
1542418769.800000,0.000000,0.000000,0.000000,0.000000,0.000000,0.000000,0.000000
1542418769.850000,0.000000,0.000000,0.000000,0.000000,0.000000,0.000000,0.000000
1542418769.900000,0.000000,0.000000,0.000000,0.000000,0.000000,0.000000,0.000000
1542418769.950000,0.000000,0.000000,0.000000,0.000000,0.000000,0.000000,0.000000
1542418770.000000,0.000000,0.000000,0.000000,0.000000,0.000000,0.000000,0.000000
1542418770.050000,0.000000,0.000000,0.000000,0.000000,0.000000,0.000000,0.000000
1542418770.100000,0.000000,0.000000,0.000000,0.000000,0.000000,0.000000,0.000000
1542418770.150000,0.000000,0.000000,0.000000,0.000000,0.000000,0.000000,0.000000
1542418770.200000,0.000000,0.000000,0.000000,0.000000,0.000000,0.000000,0.000000
1542418770.250000,0.000000,0.000000,0.000000,0.000000,0.000000,0.000000,0.000000
1542418770.300000,0.000000,0.000000,0.000000,0.000000,0.000000,0.000000,0.000000
1542418770.350000,0.000000,0.000000,0.000000,0.000000,0.000000,0.000000,0.000000
1542418770.400000,0.000000,0.000000,0.000000,0.000000,0.000000,0.000000,0.000000
1542418770.450000,0.000000,0.000000,0.000000,0.000000,0.000000,0.000000,0.000000
1542418770.500000,0.000000,0.000000,0.000000,0.000000,0.000000,0.000000,0.000000
1542418770.550000,0.000000,0.000000,0.000000,0.000000,0.000000,0.000000,0.000000
1542418770.600000,0.000000,0.000000,0.000000,0.000000,0.000000,0.000000,0.000000
1542418770.650000,0.000000,0.000000,0.000000,0.000000,0.000000,0.000000,0.000000
1542418770.700000,0.000000,0.000000,0.000000,0.000000,0.000000,0.000000,0.000000
1542418770.750000,0.000000,0.000000,0.000000,0.000000,0.000000,0.000000,0.000000
1542418770.800000,0.000000,0.000000,0.000000,0.000000,0.000000,0.000000,0.000000
1542418770.850000,0.000000,0.000000,0.000000,0.000000,0.000000,0.000000,0.000000
1542418770.900000,0.000000,0.000000,0.000000,0.000000,0.000000,0.000000,0.000000
1542418770.950000,0.000000,0.000000,0.000000,0.000000,0.000000,0.000000,0.000000
1542418771.000000,0.000000,0.000000,0.000000,0.000000,0.000000,0.000000,0.000000
1542418771.050000,0.000000,0.000000,0.000000,0.000000,0.000000,0.000000,0.000000
1542418771.100000,0.000000,0.000000,0.000000,0.000000,0.000000,0.000000,0.000000
1542418771.150000,0.000000,0.000000,0.000000,0.000000,0.000000,0.000000,0.000000
1542418771.200000,0.000000,0.000000,0.000000,0.000000,0.000000,0.000000,0.000000
1542418771.250000,0.000000,0.000000,0.000000,0.000000,0.000000,0.000000,0.000000
1542418771.300000,0.000000,0.000000,0.000000,0.000000,0.000000,0.000000,0.000000
1542418771.350000,0.000000,0.000000,0.000000,0.000000,0.000000,0.000000,0.000000
1542418771.400000,0.000000,0.000000,0.000000,0.000000,0.000000,0.000000,0.000000
1542418771.450000,0.000000,0.000000,0.000000,0.000000,0.000000,0.000000,0.000000
1542418771.500000,0.000000,0.000000,0.000000,0.000000,0.000000,0.000000,0.000000
1542418771.550000,0.000000,0.000000,0.000000,0.000000,0.000000,0.000000,0.000000
1542418771.600000,0.000000,0.000000,0.000000,0.000000,0.000000,0.000000,0.000000
1542418771.650000,0.000000,0.000000,0.000000,0.000000,0.000000,0.000000,0.000000
1542418771.700000,0.000000,0.000000,0.000000,0.000000,0.000000,0.000000,0.000000
1542418771.750000,0.000000,0.000000,0.000000,0.000000,0.000000,0.000000,0.000000
1542418771.800000,0.000000,0.000000,0.000000,0.000000,0.000000,0.000000,0.000000
1542418771.850000,0.000000,0.000000,0.000000,0.000000,0.000000,0.000000,0.000000
1542418771.900000,0.000000,0.000000,0.000000,0.000000,0.000000,0.000000,0.000000
1542418771.950000,0.000000,0.000000,0.000000,0.000000,0.000000,0.000000,0.000000
1542418772.000000,0.000000,0.000000,0.000000,0.000000,0.000000,0.000000,0.000000
1542418772.050000,0.000000,0.000000,0.000000,0.000000,0.000000,0.000000,0.000000
1542418772.100000,0.000000,0.000000,0.000000,0.000000,0.000000,0.000000,0.000000
1542418772.150000,0.000000,0.000000,0.000000,0.000000,0.000000,0.000000,0.000000
1542418772.200000,0.000000,0.000000,0.000000,0.000000,0.000000,0.000000,0.000000
1542418772.250000,0.000000,0.000000,0.000000,0.000000,0.000000,0.000000,0.000000
1542418772.300000,0.000000,0.000000,0.000000,0.000000,0.000000,0.000000,0.000000
1542418772.350000,0.000000,0.000000,0.000000,0.000000,0.000000,0.000000,0.000000
1542418772.400000,0.000000,0.000000,0.000000,0.000000,0.000000,0.000000,0.000000
1542418772.450000,0.000000,0.000000,0.000000,0.000000,0.000000,0.000000,0.000000
1542418772.500000,0.000000,0.000000,0.000000,0.000000,0.000000,0.000000,0.000000
1542418772.550000,0.000000,0.000000,0.000000,0.000000,0.000000,0.000000,0.000000
1542418772.600000,0.000000,0.000000,0.000000,0.000000,0.000000,0.000000,0.000000
1542418772.650000,0.000000,0.000000,0.000000,0.000000,0.000000,0.000000,0.000000
1542418772.700000,0.000000,0.000000,0.000000,0.000000,0.000000,0.000000,0.000000
1542418772.750000,0.000000,0.000000,0.000000,0.000000,0.000000,0.000000,0.000000
1542418772.800000,0.000000,0.000000,0.000000,0.000000,0.000000,0.000000,0.000000
1542418772.850000,0.000000,0.000000,0.000000,0.000000,0.000000,0.000000,0.000000
1542418772.900000,0.000000,0.000000,0.000000,0.000000,0.000000,0.000000,0.000000
1542418772.950000,0.000000,0.000000,0.000000,0.000000,0.000000,0.000000,0.000000
1542418773.000000,0.000000,0.000000,0.000000,0.000000,0.000000,0.000000,0.000000
1542418773.050000,0.000000,0.000000,0.000000,0.000000,0.000000,0.000000,0.000000
1542418773.100000,0.000000,0.000000,0.000000,0.000000,0.000000,0.000000,0.000000
1542418773.150000,0.000000,0.000000,0.000000,0.000000,0.000000,0.000000,0.000000
1542418773.200000,0.000000,0.000000,0.000000,0.000000,0.000000,0.000000,0.000000
1542418773.250000,0.000000,0.000000,0.000000,0.000000,0.000000,0.000000,0.000000
1542418773.300000,0.000000,0.000000,0.000000,0.000000,0.000000,0.000000,0.000000
1542418773.350000,0.000000,0.000000,0.000000,0.000000,0.000000,0.000000,0.000000
1542418773.400000,0.000000,0.000000,0.000000,0.000000,0.000000,0.000000,0.000000
1542418773.450000,0.000000,0.000000,0.000000,0.000000,0.000000,0.000000,0.000000
1542418773.500000,0.000000,0.000000,0.000000,0.000000,0.000000,0.000000,0.000000
1542418773.550000,0.000000,0.000000,0.000000,0.000000,0.000000,0.000000,0.000000
1542418773.600000,0.000000,0.000000,0.000000,0.000000,0.000000,0.000000,0.000000
1542418773.650000,0.000000,0.000000,0.000000,0.000000,0.000000,0.000000,0.000000
1542418773.700000,0.000000,0.000000,0.000000,0.000000,0.000000,0.000000,0.000000
1542418773.750000,0.000000,0.000000,0.000000,0.000000,0.000000,0.000000,0.000000
1542418773.800000,0.000000,0.000000,0.000000,0.000000,0.000000,0.000000,0.000000
1542418773.850000,0.000000,0.000000,0.000000,0.000000,0.000000,0.000000,0.000000
1542418773.900000,0.000000,0.000000,0.000000,0.000000,0.000000,0.000000,0.000000
1542418773.950000,0.000000,0.000000,0.000000,0.000000,0.000000,0.000000,0.000000
1542418774.000000,0.000000,0.000000,0.000000,0.000000,0.000000,0.000000,0.000000
1542418774.050000,0.000000,0.000000,0.000000,0.000000,0.000000,0.000000,0.000000
1542418774.100000,0.000000,0.000000,0.000000,0.000000,0.000000,0.000000,0.000000
1542418774.150000,0.000000,0.000000,0.000000,0.000000,0.000000,0.000000,0.000000
1542418774.200000,0.000000,0.000000,0.000000,0.000000,0.000000,0.000000,0.000000
1542418774.250000,0.000000,0.000000,0.000000,0.000000,0.000000,0.000000,0.000000
1542418774.300000,0.000000,0.000000,0.000000,0.000000,0.000000,0.000000,0.000000
1542418774.350000,0.000000,0.000000,0.000000,0.000000,0.000000,0.000000,0.000000
1542418774.400000,0.000000,0.000000,0.000000,0.000000,0.000000,0.000000,0.000000
1542418774.450000,0.000000,0.000000,0.000000,0.000000,0.000000,0.000000,0.000000
1542418774.500000,0.000000,0.000000,0.000000,0.000000,0.000000,0.000000,0.000000
1542418774.550000,0.000000,0.000000,0.000000,0.000000,0.000000,0.000000,0.000000
1542418774.600000,0.000000,0.000000,0.000000,0.000000,0.000000,0.000000,0.000000
1542418774.650000,0.000000,0.000000,0.000000,0.000000,0.000000,0.000000,0.000000
1542418774.700000,0.000000,0.000000,0.000000,0.000000,0.000000,0.000000,0.000000
1542418774.750000,0.000000,0.000000,0.000000,0.000000,0.000000,0.000000,0.000000
1542418774.800000,0.000000,0.000000,0.000000,0.000000,0.000000,0.000000,0.000000
1542418774.850000,0.000000,0.000000,0.000000,0.000000,0.000000,0.000000,0.000000
1542418774.900000,0.000000,0.000000,0.000000,0.000000,0.000000,0.000000,0.000000
1542418774.950000,0.000000,0.000000,0.000000,0.000000,0.000000,0.000000,0.000000
1542418775.000000,0.000000,0.000000,0.000000,0.000000,0.000000,0.000000,0.000000
1542418775.050000,0.000000,0.000000,0.000000,0.000000,0.000000,0.000000,0.000000
1542418775.100000,0.000000,0.000000,0.000000,0.000000,0.000000,0.000000,0.000000
1542418775.150000,0.000000,0.000000,0.000000,0.000000,0.000000,0.000000,0.000000
1542418775.200000,0.000000,0.000000,0.000000,0.000000,0.000000,0.000000,0.000000
1542418775.250000,0.000000,0.000000,0.000000,0.000000,0.000000,0.000000,0.000000
1542418775.300000,0.000000,0.000000,0.000000,0.000000,0.000000,0.000000,0.000000
1542418775.350000,0.000000,0.000000,0.000000,0.000000,0.000000,0.000000,0.000000
1542418775.400000,0.000000,0.000000,0.000000,0.000000,0.000000,0.000000,0.000000
1542418775.450000,0.000000,0.000000,0.000000,0.000000,0.000000,0.000000,0.000000
1542418775.500000,0.000000,0.000000,0.000000,0.000000,0.000000,0.000000,0.000000
1542418775.550000,0.000000,0.000000,0.000000,0.000000,0.000000,0.000000,0.000000
1542418775.600000,0.000000,0.000000,0.000000,0.000000,0.000000,0.000000,0.000000
1542418775.650000,0.000000,0.000000,0.000000,0.000000,0.000000,0.000000,0.000000
1542418775.700000,0.000000,0.000000,0.000000,0.000000,0.000000,0.000000,0.000000
1542418775.750000,0.000000,0.000000,0.000000,0.000000,0.000000,0.000000,0.000000
1542418775.800000,0.000000,0.000000,0.000000,0.000000,0.000000,0.000000,0.000000
1542418775.850000,0.000000,0.000000,0.000000,0.000000,0.000000,0.000000,0.000000
1542418775.900000,0.000000,0.000000,0.000000,0.000000,0.000000,0.000000,0.000000
1542418775.950000,0.000000,0.000000,0.000000,0.000000,0.000000,0.000000,0.000000
1542418776.000000,0.000000,0.000000,0.000000,0.000000,0.000000,0.000000,0.000000
1542418776.050000,0.000000,0.000000,0.000000,0.000000,0.000000,0.000000,0.000000
1542418776.100000,0.000000,0.000000,0.000000,0.000000,0.000000,0.000000,0.000000
1542418776.150000,0.000000,0.000000,0.000000,0.000000,0.000000,0.000000,0.000000
1542418776.200000,0.000000,0.000000,0.000000,0.000000,0.000000,0.000000,0.000000
1542418776.250000,0.000000,0.000000,0.000000,0.000000,0.000000,0.000000,0.000000
1542418776.300000,0.000000,0.000000,0.000000,0.000000,0.000000,0.000000,0.000000
1542418776.350000,0.000000,0.000000,0.000000,0.000000,0.000000,0.000000,0.000000
1542418776.400000,0.000000,0.000000,0.000000,0.000000,0.000000,0.000000,0.000000
1542418776.450000,0.000000,0.000000,0.000000,0.000000,0.000000,0.000000,0.000000
1542418776.500000,0.000000,0.000000,0.000000,0.000000,0.000000,0.000000,0.000000
1542418776.550000,0.000000,0.000000,0.000000,0.000000,0.000000,0.000000,0.000000
1542418776.600000,0.000000,0.000000,0.000000,0.000000,0.000000,0.000000,0.000000
1542418776.650000,0.000000,0.000000,0.000000,0.000000,0.000000,0.000000,0.000000
1542418776.700000,0.000000,0.000000,0.000000,0.000000,0.000000,0.000000,0.000000
1542418776.750000,0.000000,0.000000,0.000000,0.000000,0.000000,0.000000,0.000000
1542418776.800000,0.000000,0.000000,0.000000,0.000000,0.000000,0.000000,0.000000
1542418776.850000,0.000000,0.000000,0.000000,0.000000,0.000000,0.000000,0.000000
1542418776.900000,0.000000,0.000000,0.000000,0.000000,0.000000,0.000000,0.000000
1542418776.950000,0.000000,0.000000,0.000000,0.000000,0.000000,0.000000,0.000000
1542418777.000000,0.000000,0.000000,0.000000,0.000000,0.000000,0.000000,0.000000
1542418777.050000,0.000000,0.000000,0.000000,0.000000,0.000000,0.000000,0.000000
1542418777.100000,0.000000,0.000000,0.000000,0.000000,0.000000,0.000000,0.000000
1542418777.150000,0.000000,0.000000,0.000000,0.000000,0.000000,0.000000,0.000000
1542418777.200000,0.000000,0.000000,0.000000,0.000000,0.000000,0.000000,0.000000
1542418777.250000,0.000000,0.000000,0.000000,0.000000,0.000000,0.000000,0.000000
1542418777.300000,0.000000,0.000000,0.000000,0.000000,0.000000,0.000000,0.000000
1542418777.350000,0.000000,0.000000,0.000000,0.000000,0.000000,0.000000,0.000000
1542418777.400000,0.000000,0.000000,0.000000,0.000000,0.000000,0.000000,0.000000
1542418777.450000,0.000000,0.000000,0.000000,0.000000,0.000000,0.000000,0.000000
1542418777.500000,0.000000,0.000000,0.000000,0.000000,0.000000,0.000000,0.000000
1542418777.550000,0.000000,0.000000,0.000000,0.000000,0.000000,0.000000,0.000000
1542418777.600000,0.000000,0.000000,0.000000,0.000000,0.000000,0.000000,0.000000
1542418777.650000,0.000000,0.000000,0.000000,0.000000,0.000000,0.000000,0.000000
1542418777.700000,0.000000,0.000000,0.000000,0.000000,0.000000,0.000000,0.000000
1542418777.750000,0.000000,0.000000,0.000000,0.000000,0.000000,0.000000,0.000000
1542418777.800000,0.000000,0.000000,0.000000,0.000000,0.000000,0.000000,0.000000
1542418777.850000,0.000000,0.000000,0.000000,0.000000,0.000000,0.000000,0.000000
1542418777.900000,0.000000,0.000000,0.000000,0.000000,0.000000,0.000000,0.000000
1542418777.950000,0.000000,0.000000,0.000000,0.000000,0.000000,0.000000,0.000000
1542418778.000000,0.000000,0.000000,0.000000,0.000000,0.000000,0.000000,0.000000
1542418778.050000,0.000000,0.000000,0.000000,0.000000,0.000000,0.000000,0.000000
1542418778.100000,0.000000,0.000000,0.000000,0.000000,0.000000,0.000000,0.000000
1542418778.150000,0.000000,0.000000,0.000000,0.000000,0.000000,0.000000,0.000000
1542418778.200000,0.000000,0.000000,0.000000,0.000000,0.000000,0.000000,0.000000
1542418778.250000,0.000000,0.000000,0.000000,0.000000,0.000000,0.000000,0.000000
1542418778.300000,0.000000,0.000000,0.000000,0.000000,0.000000,0.000000,0.000000
1542418778.350000,0.000000,0.000000,0.000000,0.000000,0.000000,0.000000,0.000000
1542418778.400000,0.000000,0.000000,0.000000,0.000000,0.000000,0.000000,0.000000
1542418778.450000,0.000000,0.000000,0.000000,0.000000,0.000000,0.000000,0.000000
1542418778.500000,0.000000,0.000000,0.000000,0.000000,0.000000,0.000000,0.000000
1542418778.550000,0.000000,0.000000,0.000000,0.000000,0.000000,0.000000,0.000000
1542418778.600000,0.000000,0.000000,0.000000,0.000000,0.000000,0.000000,0.000000
1542418778.650000,0.000000,0.000000,0.000000,0.000000,0.000000,0.000000,0.000000
1542418778.700000,0.000000,0.000000,0.000000,0.000000,0.000000,0.000000,0.000000
1542418778.750000,0.000000,0.000000,0.000000,0.000000,0.000000,0.000000,0.000000
1542418778.800000,0.000000,0.000000,0.000000,0.000000,0.000000,0.000000,0.000000
1542418778.850000,0.000000,0.000000,0.000000,0.000000,0.000000,0.000000,0.000000
1542418778.900000,0.000000,0.000000,0.000000,0.000000,0.000000,0.000000,0.000000
1542418778.950000,0.000000,0.000000,0.000000,0.000000,0.000000,0.000000,0.000000
1542418779.000000,0.000000,0.000000,0.000000,0.000000,0.000000,0.000000,0.000000
1542418779.050000,0.000000,0.000000,0.000000,0.000000,0.000000,0.000000,0.000000
1542418779.100000,0.000000,0.000000,0.000000,0.000000,0.000000,0.000000,0.000000
1542418779.150000,0.000000,0.000000,0.000000,0.000000,0.000000,0.000000,0.000000
1542418779.200000,0.000000,0.000000,0.000000,0.000000,0.000000,0.000000,0.000000
1542418779.250000,0.000000,0.000000,0.000000,0.000000,0.000000,0.000000,0.000000
1542418779.300000,0.000000,0.000000,0.000000,0.000000,0.000000,0.000000,0.000000
1542418779.350000,0.000000,0.000000,0.000000,0.000000,0.000000,0.000000,0.000000
1542418779.400000,0.000000,0.000000,0.000000,0.000000,0.000000,0.000000,0.000000
1542418779.450000,0.000000,0.000000,0.000000,0.000000,0.000000,0.000000,0.000000
1542418779.500000,0.000000,0.000000,0.000000,0.000000,0.000000,0.000000,0.000000
1542418779.550000,0.000000,0.000000,0.000000,0.000000,0.000000,0.000000,0.000000
1542418779.600000,0.000000,0.000000,0.000000,0.000000,0.000000,0.000000,0.000000
1542418779.650000,0.000000,0.000000,0.000000,0.000000,0.000000,0.000000,0.000000
1542418779.700000,0.000000,0.000000,0.000000,0.000000,0.000000,0.000000,0.000000
1542418779.750000,0.000000,0.000000,0.000000,0.000000,0.000000,0.000000,0.000000
1542418779.800000,0.000000,0.000000,0.000000,0.000000,0.000000,0.000000,0.000000
1542418779.850000,0.000000,0.000000,0.000000,0.000000,0.000000,0.000000,0.000000
1542418779.900000,0.000000,0.000000,0.000000,0.000000,0.000000,0.000000,0.000000
1542418779.950000,0.000000,0.000000,0.000000,0.000000,0.000000,0.000000,0.000000
1542418780.000000,0.000000,0.000000,0.000000,0.000000,0.000000,0.000000,0.000000
1542418780.050000,0.000000,0.000000,0.000000,0.000000,0.000000,0.000000,0.000000
1542418780.100000,0.000000,0.000000,0.000000,0.000000,0.000000,0.000000,0.000000
1542418780.150000,0.000000,0.000000,0.000000,0.000000,0.000000,0.000000,0.000000
1542418780.200000,0.000000,0.000000,0.000000,0.000000,0.000000,0.000000,0.000000
1542418780.250000,0.000000,0.000000,0.000000,0.000000,0.000000,0.000000,0.000000
1542418780.300000,0.000000,0.000000,0.000000,0.000000,0.000000,0.000000,0.000000
1542418780.350000,0.000000,0.000000,0.000000,0.000000,0.000000,0.000000,0.000000
1542418780.400000,0.000000,0.000000,0.000000,0.000000,0.000000,0.000000,0.000000
1542418780.450000,0.000000,0.000000,0.000000,0.000000,0.000000,0.000000,0.000000
1542418780.500000,0.000000,0.000000,0.000000,0.000000,0.000000,0.000000,0.000000
1542418780.550000,0.000000,0.000000,0.000000,0.000000,0.000000,0.000000,0.000000
1542418780.600000,0.000000,0.000000,0.000000,0.000000,0.000000,0.000000,0.000000
1542418780.650000,0.000000,0.000000,0.000000,0.000000,0.000000,0.000000,0.000000
1542418780.700000,0.000000,0.000000,0.000000,0.000000,0.000000,0.000000,0.000000
1542418780.750000,0.000000,0.000000,0.000000,0.000000,0.000000,0.000000,0.000000
1542418780.800000,0.000000,0.000000,0.000000,0.000000,0.000000,0.000000,0.000000
1542418780.850000,0.000000,0.000000,0.000000,0.000000,0.000000,0.000000,0.000000
1542418780.900000,0.000000,0.000000,0.000000,0.000000,0.000000,0.000000,0.000000
1542418780.950000,0.000000,0.000000,0.000000,0.000000,0.000000,0.000000,0.000000
1542418781.000000,0.000000,0.000000,0.000000,0.000000,0.000000,0.000000,0.000000
1542418781.050000,0.000000,0.000000,0.000000,0.000000,0.000000,0.000000,0.000000
1542418781.100000,0.000000,0.000000,0.000000,0.000000,0.000000,0.000000,0.000000
1542418781.150000,0.000000,0.000000,0.000000,0.000000,0.000000,0.000000,0.000000
1542418781.200000,0.000000,0.000000,0.000000,0.000000,0.000000,0.000000,0.000000
1542418781.250000,0.000000,0.000000,0.000000,0.000000,0.000000,0.000000,0.000000
1542418781.300000,0.000000,0.000000,0.000000,0.000000,0.000000,0.000000,0.000000
1542418781.350000,0.000000,0.000000,0.000000,0.000000,0.000000,0.000000,0.000000
1542418781.400000,0.000000,0.000000,0.000000,0.000000,0.000000,0.000000,0.000000
1542418781.450000,0.000000,0.000000,0.000000,0.000000,0.000000,0.000000,0.000000
1542418781.500000,0.000000,0.000000,0.000000,0.000000,0.000000,0.000000,0.000000
1542418781.550000,0.000000,0.000000,0.000000,0.000000,0.000000,0.000000,0.000000
1542418781.600000,0.000000,0.000000,0.000000,0.000000,0.000000,0.000000,0.000000
1542418781.650000,0.000000,0.000000,0.000000,0.000000,0.000000,0.000000,0.000000
1542418781.700000,0.000000,0.000000,0.000000,0.000000,0.000000,0.000000,0.000000
1542418781.750000,0.000000,0.000000,0.000000,0.000000,0.000000,0.000000,0.000000
1542418781.800000,0.000000,0.000000,0.000000,0.000000,0.000000,0.000000,0.000000
1542418781.850000,0.000000,0.000000,0.000000,0.000000,0.000000,0.000000,0.000000
1542418781.900000,0.000000,0.000000,0.000000,0.000000,0.000000,0.000000,0.000000
1542418781.950000,0.000000,0.000000,0.000000,0.000000,0.000000,0.000000,0.000000
1542418782.000000,0.000000,0.000000,0.000000,0.000000,0.000000,0.000000,0.000000
1542418782.050000,0.000000,0.000000,0.000000,0.000000,0.000000,0.000000,0.000000
1542418782.100000,0.000000,0.000000,0.000000,0.000000,0.000000,0.000000,0.000000
1542418782.150000,0.000000,0.000000,0.000000,0.000000,0.000000,0.000000,0.000000
1542418782.200000,0.000000,0.000000,0.000000,0.000000,0.000000,0.000000,0.000000
1542418782.250000,0.000000,0.000000,0.000000,0.000000,0.000000,0.000000,0.000000
1542418782.300000,0.000000,0.000000,0.000000,0.000000,0.000000,0.000000,0.000000
1542418782.350000,0.000000,0.000000,0.000000,0.000000,0.000000,0.000000,0.000000
1542418782.400000,0.000000,0.000000,0.000000,0.000000,0.000000,0.000000,0.000000
1542418782.450000,0.000000,0.000000,0.000000,0.000000,0.000000,0.000000,0.000000
1542418782.500000,0.000000,0.000000,0.000000,0.000000,0.000000,0.000000,0.000000
1542418782.550000,0.000000,0.000000,0.000000,0.000000,0.000000,0.000000,0.000000
1542418782.600000,0.000000,0.000000,0.000000,0.000000,0.000000,0.000000,0.000000
1542418782.650000,0.000000,0.000000,0.000000,0.000000,0.000000,0.000000,0.000000
1542418782.700000,0.000000,0.000000,0.000000,0.000000,0.000000,0.000000,0.000000
1542418782.750000,0.000000,0.000000,0.000000,0.000000,0.000000,0.000000,0.000000
1542418782.800000,0.000000,0.000000,0.000000,0.000000,0.000000,0.000000,0.000000
1542418782.850000,0.000000,0.000000,0.000000,0.000000,0.000000,0.000000,0.000000
1542418782.900000,0.000000,0.000000,0.000000,0.000000,0.000000,0.000000,0.000000
1542418782.950000,0.000000,0.000000,0.000000,0.000000,0.000000,0.000000,0.000000
1542418783.000000,0.000000,0.000000,0.000000,0.000000,0.000000,0.000000,0.000000
1542418783.050000,0.000000,0.000000,0.000000,0.000000,0.000000,0.000000,0.000000
1542418783.100000,0.000000,0.000000,0.000000,0.000000,0.000000,0.000000,0.000000
1542418783.150000,0.000000,0.000000,0.000000,0.000000,0.000000,0.000000,0.000000
1542418783.200000,0.000000,0.000000,0.000000,0.000000,0.000000,0.000000,0.000000
1542418783.250000,0.000000,0.000000,0.000000,0.000000,0.000000,0.000000,0.000000
1542418783.300000,0.000000,0.000000,0.000000,0.000000,0.000000,0.000000,0.000000
1542418783.350000,0.000000,0.000000,0.000000,0.000000,0.000000,0.000000,0.000000
1542418783.400000,0.000000,0.000000,0.000000,0.000000,0.000000,0.000000,0.000000
1542418783.450000,0.000000,0.000000,0.000000,0.000000,0.000000,0.000000,0.000000
1542418783.500000,0.000000,0.000000,0.000000,0.000000,0.000000,0.000000,0.000000
1542418783.550000,0.000000,0.000000,0.000000,0.000000,0.000000,0.000000,0.000000
1542418783.600000,0.000000,0.000000,0.000000,0.000000,0.000000,0.000000,0.000000
1542418783.650000,0.000000,0.000000,0.000000,0.000000,0.000000,0.000000,0.000000
1542418783.700000,0.000000,0.000000,0.000000,0.000000,0.000000,0.000000,0.000000
1542418783.750000,0.000000,0.000000,0.000000,0.000000,0.000000,0.000000,0.000000
1542418783.800000,0.000000,0.000000,0.000000,0.000000,0.000000,0.000000,0.000000
1542418783.850000,0.000000,0.000000,0.000000,0.000000,0.000000,0.000000,0.000000
1542418783.900000,0.000000,0.000000,0.000000,0.000000,0.000000,0.000000,0.000000
1542418783.950000,0.000000,0.000000,0.000000,0.000000,0.000000,0.000000,0.000000
1542418784.000000,0.000000,0.000000,0.000000,0.000000,0.000000,0.000000,0.000000
1542418784.050000,0.000000,0.000000,0.000000,0.000000,0.000000,0.000000,0.000000
1542418784.100000,0.000000,0.000000,0.000000,0.000000,0.000000,0.000000,0.000000
1542418784.150000,0.000000,0.000000,0.000000,0.000000,0.000000,0.000000,0.000000
1542418784.200000,0.000000,0.000000,0.000000,0.000000,0.000000,0.000000,0.000000
1542418784.250000,0.000000,0.000000,0.000000,0.000000,0.000000,0.000000,0.000000
1542418784.300000,0.000000,0.000000,0.000000,0.000000,0.000000,0.000000,0.000000
1542418784.350000,0.000000,0.000000,0.000000,0.000000,0.000000,0.000000,0.000000
1542418784.400000,0.000000,0.000000,0.000000,0.000000,0.000000,0.000000,0.000000
1542418784.450000,0.000000,0.000000,0.000000,0.000000,0.000000,0.000000,0.000000
1542418784.500000,0.000000,0.000000,0.000000,0.000000,0.000000,0.000000,0.000000
1542418784.550000,0.000000,0.000000,0.000000,0.000000,0.000000,0.000000,0.000000
1542418784.600000,0.000000,0.000000,0.000000,0.000000,0.000000,0.000000,0.000000
1542418784.650000,0.000000,0.000000,0.000000,0.000000,0.000000,0.000000,0.000000
1542418784.700000,0.000000,0.000000,0.000000,0.000000,0.000000,0.000000,0.000000
1542418784.750000,0.000000,0.000000,0.000000,0.000000,0.000000,0.000000,0.000000
1542418784.800000,0.000000,0.000000,0.000000,0.000000,0.000000,0.000000,0.000000
1542418784.850000,0.000000,0.000000,0.000000,0.000000,0.000000,0.000000,0.000000
1542418784.900000,0.000000,0.000000,0.000000,0.000000,0.000000,0.000000,0.000000
1542418784.950000,0.000000,0.000000,0.000000,0.000000,0.000000,0.000000,0.000000
1542418785.000000,0.000000,0.000000,0.000000,0.000000,0.000000,0.000000,0.000000
1542418785.050000,0.000000,0.000000,0.000000,0.000000,0.000000,0.000000,0.000000
1542418785.100000,0.000000,0.000000,0.000000,0.000000,0.000000,0.000000,0.000000
1542418785.150000,0.000000,0.000000,0.000000,0.000000,0.000000,0.000000,0.000000
1542418785.200000,0.000000,0.000000,0.000000,0.000000,0.000000,0.000000,0.000000
1542418785.250000,0.000000,0.000000,0.000000,0.000000,0.000000,0.000000,0.000000
1542418785.300000,0.000000,0.000000,0.000000,0.000000,0.000000,0.000000,0.000000
1542418785.350000,0.000000,0.000000,0.000000,0.000000,0.000000,0.000000,0.000000
1542418785.400000,0.000000,0.000000,0.000000,0.000000,0.000000,0.000000,0.000000
1542418785.450000,0.000000,0.000000,0.000000,0.000000,0.000000,0.000000,0.000000
1542418785.500000,0.000000,0.000000,0.000000,0.000000,0.000000,0.000000,0.000000
1542418785.550000,0.000000,0.000000,0.000000,0.000000,0.000000,0.000000,0.000000
1542418785.600000,0.000000,0.000000,0.000000,0.000000,0.000000,0.000000,0.000000
1542418785.650000,0.000000,0.000000,0.000000,0.000000,0.000000,0.000000,0.000000
1542418785.700000,0.000000,0.000000,0.000000,0.000000,0.000000,0.000000,0.000000
1542418785.750000,0.000000,0.000000,0.000000,0.000000,0.000000,0.000000,0.000000
1542418785.800000,0.000000,0.000000,0.000000,0.000000,0.000000,0.000000,0.000000
1542418785.850000,0.000000,0.000000,0.000000,0.000000,0.000000,0.000000,0.000000
1542418785.900000,0.000000,0.000000,0.000000,0.000000,0.000000,0.000000,0.000000
1542418785.950000,0.000000,0.000000,0.000000,0.000000,0.000000,0.000000,0.000000
1542418786.000000,0.000000,0.000000,0.000000,0.000000,0.000000,0.000000,0.000000
1542418786.050000,0.000000,0.000000,0.000000,0.000000,0.000000,0.000000,0.000000
1542418786.100000,0.000000,0.000000,0.000000,0.000000,0.000000,0.000000,0.000000
1542418786.150000,0.000000,0.000000,0.000000,0.000000,0.000000,0.000000,0.000000
1542418786.200000,0.000000,0.000000,0.000000,0.000000,0.000000,0.000000,0.000000
1542418786.250000,0.000000,0.000000,0.000000,0.000000,0.000000,0.000000,0.000000
1542418786.300000,0.000000,0.000000,0.000000,0.000000,0.000000,0.000000,0.000000
1542418786.350000,0.000000,0.000000,0.000000,0.000000,0.000000,0.000000,0.000000
1542418786.400000,0.000000,0.000000,0.000000,0.000000,0.000000,0.000000,0.000000
1542418786.450000,0.000000,0.000000,0.000000,0.000000,0.000000,0.000000,0.000000
1542418786.500000,0.000000,0.000000,0.000000,0.000000,0.000000,0.000000,0.000000
1542418786.550000,0.000000,0.000000,0.000000,0.000000,0.000000,0.000000,0.000000
1542418786.600000,0.000000,0.000000,0.000000,0.000000,0.000000,0.000000,0.000000
1542418786.650000,0.000000,0.000000,0.000000,0.000000,0.000000,0.000000,0.000000
1542418786.700000,0.000000,0.000000,0.000000,0.000000,0.000000,0.000000,0.000000
1542418786.750000,0.000000,0.000000,0.000000,0.000000,0.000000,0.000000,0.000000
1542418786.800000,0.000000,0.000000,0.000000,0.000000,0.000000,0.000000,0.000000
1542418786.850000,0.000000,0.000000,0.000000,0.000000,0.000000,0.000000,0.000000
1542418786.900000,0.000000,0.000000,0.000000,0.000000,0.000000,0.000000,0.000000
1542418786.950000,0.000000,0.000000,0.000000,0.000000,0.000000,0.000000,0.000000
1542418787.000000,0.000000,0.000000,0.000000,0.000000,0.000000,0.000000,0.000000
1542418787.050000,0.000000,0.000000,0.000000,0.000000,0.000000,0.000000,0.000000
1542418787.100000,0.000000,0.000000,0.000000,0.000000,0.000000,0.000000,0.000000
1542418787.150000,0.000000,0.000000,0.000000,0.000000,0.000000,0.000000,0.000000
1542418787.200000,0.000000,0.000000,0.000000,0.000000,0.000000,0.000000,0.000000
1542418787.250000,0.000000,0.000000,0.000000,0.000000,0.000000,0.000000,0.000000
1542418787.300000,0.000000,0.000000,0.000000,0.000000,0.000000,0.000000,0.000000
1542418787.350000,0.000000,0.000000,0.000000,0.000000,0.000000,0.000000,0.000000
1542418787.400000,0.000000,0.000000,0.000000,0.000000,0.000000,0.000000,0.000000
1542418787.450000,0.000000,0.000000,0.000000,0.000000,0.000000,0.000000,0.000000
1542418787.500000,0.000000,0.000000,0.000000,0.000000,0.000000,0.000000,0.000000
1542418787.550000,0.000000,0.000000,0.000000,0.000000,0.000000,0.000000,0.000000
1542418787.600000,0.000000,0.000000,0.000000,0.000000,0.000000,0.000000,0.000000
1542418787.650000,0.000000,0.000000,0.000000,0.000000,0.000000,0.000000,0.000000
1542418787.700000,0.000000,0.000000,0.000000,0.000000,0.000000,0.000000,0.000000
1542418787.750000,0.000000,0.000000,0.000000,0.000000,0.000000,0.000000,0.000000
1542418787.800000,0.000000,0.000000,0.000000,0.000000,0.000000,0.000000,0.000000
1542418787.850000,0.000000,0.000000,0.000000,0.000000,0.000000,0.000000,0.000000
1542418787.900000,0.000000,0.000000,0.000000,0.000000,0.000000,0.000000,0.000000
1542418787.950000,0.000000,0.000000,0.000000,0.000000,0.000000,0.000000,0.000000
1542418788.000000,0.000000,0.000000,0.000000,0.000000,0.000000,0.000000,0.000000
1542418788.050000,0.000000,0.000000,0.000000,0.000000,0.000000,0.000000,0.000000
1542418788.100000,0.000000,0.000000,0.000000,0.000000,0.000000,0.000000,0.000000
1542418788.150000,0.000000,0.000000,0.000000,0.000000,0.000000,0.000000,0.000000
1542418788.200000,0.000000,0.000000,0.000000,0.000000,0.000000,0.000000,0.000000
1542418788.250000,0.000000,0.000000,0.000000,0.000000,0.000000,0.000000,0.000000
1542418788.300000,0.000000,0.000000,0.000000,0.000000,0.000000,0.000000,0.000000
1542418788.350000,0.000000,0.000000,0.000000,0.000000,0.000000,0.000000,0.000000
1542418788.400000,0.000000,0.000000,0.000000,0.000000,0.000000,0.000000,0.000000
1542418788.450000,0.000000,0.000000,0.000000,0.000000,0.000000,0.000000,0.000000
1542418788.500000,0.000000,0.000000,0.000000,0.000000,0.000000,0.000000,0.000000
1542418788.550000,0.000000,0.000000,0.000000,0.000000,0.000000,0.000000,0.000000
1542418788.600000,0.000000,0.000000,0.000000,0.000000,0.000000,0.000000,0.000000
1542418788.650000,0.000000,0.000000,0.000000,0.000000,0.000000,0.000000,0.000000
1542418788.700000,0.000000,0.000000,0.000000,0.000000,0.000000,0.000000,0.000000
1542418788.750000,0.000000,0.000000,0.000000,0.000000,0.000000,0.000000,0.000000
1542418788.800000,0.000000,0.000000,0.000000,0.000000,0.000000,0.000000,0.000000
1542418788.850000,0.000000,0.000000,0.000000,0.000000,0.000000,0.000000,0.000000
1542418788.900000,0.000000,0.000000,0.000000,0.000000,0.000000,0.000000,0.000000
1542418788.950000,0.000000,0.000000,0.000000,0.000000,0.000000,0.000000,0.000000
1542418789.000000,0.000000,0.000000,0.000000,0.000000,0.000000,0.000000,0.000000
1542418789.050000,0.000000,0.000000,0.000000,0.000000,0.000000,0.000000,0.000000
1542418789.100000,0.000000,0.000000,0.000000,0.000000,0.000000,0.000000,0.000000
1542418789.150000,0.000000,0.000000,0.000000,0.000000,0.000000,0.000000,0.000000
1542418789.200000,0.000000,0.000000,0.000000,0.000000,0.000000,0.000000,0.000000
1542418789.250000,0.000000,0.000000,0.000000,0.000000,0.000000,0.000000,0.000000
1542418789.300000,0.000000,0.000000,0.000000,0.000000,0.000000,0.000000,0.000000
1542418789.350000,0.000000,0.000000,0.000000,0.000000,0.000000,0.000000,0.000000
1542418789.400000,0.000000,0.000000,0.000000,0.000000,0.000000,0.000000,0.000000
1542418789.450000,0.000000,0.000000,0.000000,0.000000,0.000000,0.000000,0.000000
1542418789.500000,0.000000,0.000000,0.000000,0.000000,0.000000,0.000000,0.000000
1542418789.550000,0.000000,0.000000,0.000000,0.000000,0.000000,0.000000,0.000000
1542418789.600000,0.000000,0.000000,0.000000,0.000000,0.000000,0.000000,0.000000
1542418789.650000,0.000000,0.000000,0.000000,0.000000,0.000000,0.000000,0.000000
1542418789.700000,0.000000,0.000000,0.000000,0.000000,0.000000,0.000000,0.000000
1542418789.750000,0.000000,0.000000,0.000000,0.000000,0.000000,0.000000,0.000000
1542418789.800000,0.000000,0.000000,0.000000,0.000000,0.000000,0.000000,0.000000
1542418789.850000,0.000000,0.000000,0.000000,0.000000,0.000000,0.000000,0.000000
1542418789.900000,0.000000,0.000000,0.000000,0.000000,0.000000,0.000000,0.000000
1542418789.950000,0.000000,0.000000,0.000000,0.000000,0.000000,0.000000,0.000000
1542418790.000000,0.000000,0.000000,0.000000,0.000000,0.000000,0.000000,0.000000
1542418790.050000,0.000000,0.000000,0.000000,0.000000,0.000000,0.000000,0.000000
1542418790.100000,0.000000,0.000000,0.000000,0.000000,0.000000,0.000000,0.000000
1542418790.150000,0.000000,0.000000,0.000000,0.000000,0.000000,0.000000,0.000000
1542418790.200000,0.000000,0.000000,0.000000,0.000000,0.000000,0.000000,0.000000
1542418790.250000,0.000000,0.000000,0.000000,0.000000,0.000000,0.000000,0.000000
1542418790.300000,0.000000,0.000000,0.000000,0.000000,0.000000,0.000000,0.000000
1542418790.350000,0.000000,0.000000,0.000000,0.000000,0.000000,0.000000,0.000000
1542418790.400000,0.000000,0.000000,0.000000,0.000000,0.000000,0.000000,0.000000
1542418790.450000,0.000000,0.000000,0.000000,0.000000,0.000000,0.000000,0.000000
1542418790.500000,0.000000,0.000000,0.000000,0.000000,0.000000,0.000000,0.000000
1542418790.550000,0.000000,0.000000,0.000000,0.000000,0.000000,0.000000,0.000000
1542418790.600000,0.000000,0.000000,0.000000,0.000000,0.000000,0.000000,0.000000
1542418790.650000,0.000000,0.000000,0.000000,0.000000,0.000000,0.000000,0.000000
1542418790.700000,0.000000,0.000000,0.000000,0.000000,0.000000,0.000000,0.000000
1542418790.750000,0.000000,0.000000,0.000000,0.000000,0.000000,0.000000,0.000000
1542418790.800000,0.000000,0.000000,0.000000,0.000000,0.000000,0.000000,0.000000
1542418790.850000,0.000000,0.000000,0.000000,0.000000,0.000000,0.000000,0.000000
1542418790.900000,0.000000,0.000000,0.000000,0.000000,0.000000,0.000000,0.000000
1542418790.950000,0.000000,0.000000,0.000000,0.000000,0.000000,0.000000,0.000000
1542418791.000000,0.000000,0.000000,0.000000,0.000000,0.000000,0.000000,0.000000
1542418791.050000,0.000000,0.000000,0.000000,0.000000,0.000000,0.000000,0.000000
1542418791.100000,0.000000,0.000000,0.000000,0.000000,0.000000,0.000000,0.000000
1542418791.150000,0.000000,0.000000,0.000000,0.000000,0.000000,0.000000,0.000000
1542418791.200000,0.000000,0.000000,0.000000,0.000000,0.000000,0.000000,0.000000
1542418791.250000,0.000000,0.000000,0.000000,0.000000,0.000000,0.000000,0.000000
1542418791.300000,0.000000,0.000000,0.000000,0.000000,0.000000,0.000000,0.000000
1542418791.350000,0.000000,0.000000,0.000000,0.000000,0.000000,0.000000,0.000000
1542418791.400000,0.000000,0.000000,0.000000,0.000000,0.000000,0.000000,0.000000
1542418791.450000,0.000000,0.000000,0.000000,0.000000,0.000000,0.000000,0.000000
1542418791.500000,0.000000,0.000000,0.000000,0.000000,0.000000,0.000000,0.000000
1542418791.550000,0.000000,0.000000,0.000000,0.000000,0.000000,0.000000,0.000000
1542418791.600000,0.000000,0.000000,0.000000,0.000000,0.000000,0.000000,0.000000
1542418791.650000,0.000000,0.000000,0.000000,0.000000,0.000000,0.000000,0.000000
1542418791.700000,0.000000,0.000000,0.000000,0.000000,0.000000,0.000000,0.000000
1542418791.750000,0.000000,0.000000,0.000000,0.000000,0.000000,0.000000,0.000000
1542418791.800000,0.000000,0.000000,0.000000,0.000000,0.000000,0.000000,0.000000
1542418791.850000,0.000000,0.000000,0.000000,0.000000,0.000000,0.000000,0.000000
1542418791.900000,0.000000,0.000000,0.000000,0.000000,0.000000,0.000000,0.000000
1542418791.950000,0.000000,0.000000,0.000000,0.000000,0.000000,0.000000,0.000000
1542418792.000000,0.000000,0.000000,0.000000,0.000000,0.000000,0.000000,0.000000
1542418792.050000,0.000000,0.000000,0.000000,0.000000,0.000000,0.000000,0.000000
1542418792.100000,0.000000,0.000000,0.000000,0.000000,0.000000,0.000000,0.000000
1542418792.150000,0.000000,0.000000,0.000000,0.000000,0.000000,0.000000,0.000000
1542418792.200000,0.000000,0.000000,0.000000,0.000000,0.000000,0.000000,0.000000
1542418792.250000,0.000000,0.000000,0.000000,0.000000,0.000000,0.000000,0.000000
1542418792.300000,0.000000,0.000000,0.000000,0.000000,0.000000,0.000000,0.000000
1542418792.350000,0.000000,0.000000,0.000000,0.000000,0.000000,0.000000,0.000000
1542418792.400000,0.000000,0.000000,0.000000,0.000000,0.000000,0.000000,0.000000
1542418792.450000,0.000000,0.000000,0.000000,0.000000,0.000000,0.000000,0.000000
1542418792.500000,0.000000,0.000000,0.000000,0.000000,0.000000,0.000000,0.000000
1542418792.550000,0.000000,0.000000,0.000000,0.000000,0.000000,0.000000,0.000000
1542418792.600000,0.000000,0.000000,0.000000,0.000000,0.000000,0.000000,0.000000
1542418792.650000,0.000000,0.000000,0.000000,0.000000,0.000000,0.000000,0.000000
1542418792.700000,0.000000,0.000000,0.000000,0.000000,0.000000,0.000000,0.000000
1542418792.750000,0.000000,0.000000,0.000000,0.000000,0.000000,0.000000,0.000000
1542418792.800000,0.000000,0.000000,0.000000,0.000000,0.000000,0.000000,0.000000
1542418792.850000,0.000000,0.000000,0.000000,0.000000,0.000000,0.000000,0.000000
1542418792.900000,0.000000,0.000000,0.000000,0.000000,0.000000,0.000000,0.000000
1542418792.950000,0.000000,0.000000,0.000000,0.000000,0.000000,0.000000,0.000000
1542418793.000000,0.000000,0.000000,0.000000,0.000000,0.000000,0.000000,0.000000
1542418793.050000,0.000000,0.000000,0.000000,0.000000,0.000000,0.000000,0.000000
1542418793.100000,0.000000,0.000000,0.000000,0.000000,0.000000,0.000000,0.000000
1542418793.150000,0.000000,0.000000,0.000000,0.000000,0.000000,0.000000,0.000000
1542418793.200000,0.000000,0.000000,0.000000,0.000000,0.000000,0.000000,0.000000
1542418793.250000,0.000000,0.000000,0.000000,0.000000,0.000000,0.000000,0.000000
1542418793.300000,0.000000,0.000000,0.000000,0.000000,0.000000,0.000000,0.000000
1542418793.350000,0.000000,0.000000,0.000000,0.000000,0.000000,0.000000,0.000000
1542418793.400000,0.000000,0.000000,0.000000,0.000000,0.000000,0.000000,0.000000
1542418793.450000,0.000000,0.000000,0.000000,0.000000,0.000000,0.000000,0.000000
1542418793.500000,0.000000,0.000000,0.000000,0.000000,0.000000,0.000000,0.000000
1542418793.550000,0.000000,0.000000,0.000000,0.000000,0.000000,0.000000,0.000000
1542418793.600000,0.000000,0.000000,0.000000,0.000000,0.000000,0.000000,0.000000
1542418793.650000,0.000000,0.000000,0.000000,0.000000,0.000000,0.000000,0.000000
1542418793.700000,0.000000,0.000000,0.000000,0.000000,0.000000,0.000000,0.000000
1542418793.750000,0.000000,0.000000,0.000000,0.000000,0.000000,0.000000,0.000000
1542418793.800000,0.000000,0.000000,0.000000,0.000000,0.000000,0.000000,0.000000
1542418793.850000,0.000000,0.000000,0.000000,0.000000,0.000000,0.000000,0.000000
1542418793.900000,0.000000,0.000000,0.000000,0.000000,0.000000,0.000000,0.000000
1542418793.950000,0.000000,0.000000,0.000000,0.000000,0.000000,0.000000,0.000000
1542418794.000000,0.000000,0.000000,0.000000,0.000000,0.000000,0.000000,0.000000
1542418794.050000,0.000000,0.000000,0.000000,0.000000,0.000000,0.000000,0.000000
1542418794.100000,0.000000,0.000000,0.000000,0.000000,0.000000,0.000000,0.000000
1542418794.150000,0.000000,0.000000,0.000000,0.000000,0.000000,0.000000,0.000000
1542418794.200000,0.000000,0.000000,0.000000,0.000000,0.000000,0.000000,0.000000
1542418794.250000,0.000000,0.000000,0.000000,0.000000,0.000000,0.000000,0.000000
1542418794.300000,0.000000,0.000000,0.000000,0.000000,0.000000,0.000000,0.000000
1542418794.350000,0.000000,0.000000,0.000000,0.000000,0.000000,0.000000,0.000000
1542418794.400000,0.000000,0.000000,0.000000,0.000000,0.000000,0.000000,0.000000
1542418794.450000,0.000000,0.000000,0.000000,0.000000,0.000000,0.000000,0.000000
1542418794.500000,0.000000,0.000000,0.000000,0.000000,0.000000,0.000000,0.000000
1542418794.550000,0.000000,0.000000,0.000000,0.000000,0.000000,0.000000,0.000000
1542418794.600000,0.000000,0.000000,0.000000,0.000000,0.000000,0.000000,0.000000
1542418794.650000,0.000000,0.000000,0.000000,0.000000,0.000000,0.000000,0.000000
1542418794.700000,0.000000,0.000000,0.000000,0.000000,0.000000,0.000000,0.000000
1542418794.750000,0.000000,0.000000,0.000000,0.000000,0.000000,0.000000,0.000000
1542418794.800000,0.000000,0.000000,0.000000,0.000000,0.000000,0.000000,0.000000
1542418794.850000,0.000000,0.000000,0.000000,0.000000,0.000000,0.000000,0.000000
1542418794.900000,0.000000,0.000000,0.000000,0.000000,0.000000,0.000000,0.000000
1542418794.950000,0.000000,0.000000,0.000000,0.000000,0.000000,0.000000,0.000000
1542418795.000000,0.000000,0.000000,0.000000,0.000000,0.000000,0.000000,0.000000
1542418795.050000,0.000000,0.000000,0.000000,0.000000,0.000000,0.000000,0.000000
1542418795.100000,0.000000,0.000000,0.000000,0.000000,0.000000,0.000000,0.000000
1542418795.150000,0.000000,0.000000,0.000000,0.000000,0.000000,0.000000,0.000000
1542418795.200000,0.000000,0.000000,0.000000,0.000000,0.000000,0.000000,0.000000
1542418795.250000,0.000000,0.000000,0.000000,0.000000,0.000000,0.000000,0.000000
1542418795.300000,0.000000,0.000000,0.000000,0.000000,0.000000,0.000000,0.000000
1542418795.350000,0.000000,0.000000,0.000000,0.000000,0.000000,0.000000,0.000000
1542418795.400000,0.000000,0.000000,0.000000,0.000000,0.000000,0.000000,0.000000
1542418795.450000,0.000000,0.000000,0.000000,0.000000,0.000000,0.000000,0.000000
1542418795.500000,0.000000,0.000000,0.000000,0.000000,0.000000,0.000000,0.000000
1542418795.550000,0.000000,0.000000,0.000000,0.000000,0.000000,0.000000,0.000000
1542418795.600000,0.000000,0.000000,0.000000,0.000000,0.000000,0.000000,0.000000
1542418795.650000,0.000000,0.000000,0.000000,0.000000,0.000000,0.000000,0.000000
1542418795.700000,0.000000,0.000000,0.000000,0.000000,0.000000,0.000000,0.000000
1542418795.750000,0.000000,0.000000,0.000000,0.000000,0.000000,0.000000,0.000000
1542418795.800000,0.000000,0.000000,0.000000,0.000000,0.000000,0.000000,0.000000
1542418795.850000,0.000000,0.000000,0.000000,0.000000,0.000000,0.000000,0.000000
1542418795.900000,0.000000,0.000000,0.000000,0.000000,0.000000,0.000000,0.000000
1542418795.950000,0.000000,0.000000,0.000000,0.000000,0.000000,0.000000,0.000000
1542418796.000000,0.000000,0.000000,0.000000,0.000000,0.000000,0.000000,0.000000
1542418796.050000,0.000000,0.000000,0.000000,0.000000,0.000000,0.000000,0.000000
1542418796.100000,0.000000,0.000000,0.000000,0.000000,0.000000,0.000000,0.000000
1542418796.150000,0.000000,0.000000,0.000000,0.000000,0.000000,0.000000,0.000000
1542418796.200000,0.000000,0.000000,0.000000,0.000000,0.000000,0.000000,0.000000
1542418796.250000,0.000000,0.000000,0.000000,0.000000,0.000000,0.000000,0.000000
1542418796.300000,0.000000,0.000000,0.000000,0.000000,0.000000,0.000000,0.000000
1542418796.350000,0.000000,0.000000,0.000000,0.000000,0.000000,0.000000,0.000000
1542418796.400000,0.000000,0.000000,0.000000,0.000000,0.000000,0.000000,0.000000
1542418796.450000,0.000000,0.000000,0.000000,0.000000,0.000000,0.000000,0.000000
1542418796.500000,0.000000,0.000000,0.000000,0.000000,0.000000,0.000000,0.000000
1542418796.550000,0.000000,0.000000,0.000000,0.000000,0.000000,0.000000,0.000000
1542418796.600000,0.000000,0.000000,0.000000,0.000000,0.000000,0.000000,0.000000
1542418796.650000,0.000000,0.000000,0.000000,0.000000,0.000000,0.000000,0.000000
1542418796.700000,0.000000,0.000000,0.000000,0.000000,0.000000,0.000000,0.000000
1542418796.750000,0.000000,0.000000,0.000000,0.000000,0.000000,0.000000,0.000000
1542418796.800000,0.000000,0.000000,0.000000,0.000000,0.000000,0.000000,0.000000
1542418796.850000,0.000000,0.000000,0.000000,0.000000,0.000000,0.000000,0.000000
1542418796.900000,0.000000,0.000000,0.000000,0.000000,0.000000,0.000000,0.000000
1542418796.950000,0.000000,0.000000,0.000000,0.000000,0.000000,0.000000,0.000000
1542418797.000000,0.000000,0.000000,0.000000,0.000000,0.000000,0.000000,0.000000
1542418797.050000,0.000000,0.000000,0.000000,0.000000,0.000000,0.000000,0.000000
1542418797.100000,0.000000,0.000000,0.000000,0.000000,0.000000,0.000000,0.000000
1542418797.150000,0.000000,0.000000,0.000000,0.000000,0.000000,0.000000,0.000000
1542418797.200000,0.000000,0.000000,0.000000,0.000000,0.000000,0.000000,0.000000
1542418797.250000,0.000000,0.000000,0.000000,0.000000,0.000000,0.000000,0.000000
1542418797.300000,0.000000,0.000000,0.000000,0.000000,0.000000,0.000000,0.000000
1542418797.350000,0.000000,0.000000,0.000000,0.000000,0.000000,0.000000,0.000000
1542418797.400000,0.000000,0.000000,0.000000,0.000000,0.000000,0.000000,0.000000
1542418797.450000,0.000000,0.000000,0.000000,0.000000,0.000000,0.000000,0.000000
1542418797.500000,0.000000,0.000000,0.000000,0.000000,0.000000,0.000000,0.000000
1542418797.550000,0.000000,0.000000,0.000000,0.000000,0.000000,0.000000,0.000000
1542418797.600000,0.000000,0.000000,0.000000,0.000000,0.000000,0.000000,0.000000
1542418797.650000,0.000000,0.000000,0.000000,0.000000,0.000000,0.000000,0.000000
1542418797.700000,0.000000,0.000000,0.000000,0.000000,0.000000,0.000000,0.000000
1542418797.750000,0.000000,0.000000,0.000000,0.000000,0.000000,0.000000,0.000000
1542418797.800000,0.000000,0.000000,0.000000,0.000000,0.000000,0.000000,0.000000
1542418797.850000,0.000000,0.000000,0.000000,0.000000,0.000000,0.000000,0.000000
1542418797.900000,0.000000,0.000000,0.000000,0.000000,0.000000,0.000000,0.000000
1542418797.950000,0.000000,0.000000,0.000000,0.000000,0.000000,0.000000,0.000000
1542418798.000000,0.000000,0.000000,0.000000,0.000000,0.000000,0.000000,0.000000
1542418798.050000,0.000000,0.000000,0.000000,0.000000,0.000000,0.000000,0.000000
1542418798.100000,0.000000,0.000000,0.000000,0.000000,0.000000,0.000000,0.000000
1542418798.150000,0.000000,0.000000,0.000000,0.000000,0.000000,0.000000,0.000000
1542418798.200000,0.000000,0.000000,0.000000,0.000000,0.000000,0.000000,0.000000
1542418798.250000,0.000000,0.000000,0.000000,0.000000,0.000000,0.000000,0.000000
1542418798.300000,0.000000,0.000000,0.000000,0.000000,0.000000,0.000000,0.000000
1542418798.350000,0.000000,0.000000,0.000000,0.000000,0.000000,0.000000,0.000000
1542418798.400000,0.000000,0.000000,0.000000,0.000000,0.000000,0.000000,0.000000
1542418798.450000,0.000000,0.000000,0.000000,0.000000,0.000000,0.000000,0.000000
1542418798.500000,0.000000,0.000000,0.000000,0.000000,0.000000,0.000000,0.000000
1542418798.550000,0.000000,0.000000,0.000000,0.000000,0.000000,0.000000,0.000000
1542418798.600000,0.000000,0.000000,0.000000,0.000000,0.000000,0.000000,0.000000
1542418798.650000,0.000000,0.000000,0.000000,0.000000,0.000000,0.000000,0.000000
1542418798.700000,0.000000,0.000000,0.000000,0.000000,0.000000,0.000000,0.000000
1542418798.750000,0.000000,0.000000,0.000000,0.000000,0.000000,0.000000,0.000000
1542418798.800000,0.000000,0.000000,0.000000,0.000000,0.000000,0.000000,0.000000
1542418798.850000,0.000000,0.000000,0.000000,0.000000,0.000000,0.000000,0.000000
1542418798.900000,0.000000,0.000000,0.000000,0.000000,0.000000,0.000000,0.000000
1542418798.950000,0.000000,0.000000,0.000000,0.000000,0.000000,0.000000,0.000000
1542418799.000000,0.000000,0.000000,0.000000,0.000000,0.000000,0.000000,0.000000
1542418799.050000,0.000000,0.000000,0.000000,0.000000,0.000000,0.000000,0.000000
1542418799.100000,0.000000,0.000000,0.000000,0.000000,0.000000,0.000000,0.000000
1542418799.150000,0.000000,0.000000,0.000000,0.000000,0.000000,0.000000,0.000000
1542418799.200000,0.000000,0.000000,0.000000,0.000000,0.000000,0.000000,0.000000
1542418799.250000,0.000000,0.000000,0.000000,0.000000,0.000000,0.000000,0.000000
1542418799.300000,0.000000,0.000000,0.000000,0.000000,0.000000,0.000000,0.000000
1542418799.350000,0.000000,0.000000,0.000000,0.000000,0.000000,0.000000,0.000000
1542418799.400000,0.000000,0.000000,0.000000,0.000000,0.000000,0.000000,0.000000
1542418799.450000,0.000000,0.000000,0.000000,0.000000,0.000000,0.000000,0.000000
1542418799.500000,0.000000,0.000000,0.000000,0.000000,0.000000,0.000000,0.000000
1542418799.550000,0.000000,0.000000,0.000000,0.000000,0.000000,0.000000,0.000000
1542418799.600000,0.000000,0.000000,0.000000,0.000000,0.000000,0.000000,0.000000
1542418799.650000,0.000000,0.000000,0.000000,0.000000,0.000000,0.000000,0.000000
1542418799.700000,0.000000,0.000000,0.000000,0.000000,0.000000,0.000000,0.000000
1542418799.750000,0.000000,0.000000,0.000000,0.000000,0.000000,0.000000,0.000000
1542418799.800000,0.000000,0.000000,0.000000,0.000000,0.000000,0.000000,0.000000
1542418799.850000,0.000000,0.000000,0.000000,0.000000,0.000000,0.000000,0.000000
1542418799.900000,0.000000,0.000000,0.000000,0.000000,0.000000,0.000000,0.000000
1542418799.950000,0.000000,0.000000,0.000000,0.000000,0.000000,0.000000,0.000000
1542418800.000000,0.000000,0.000000,0.000000,0.000000,0.000000,0.000000,0.000000
1542418800.050000,0.000000,0.000000,0.000000,0.000000,0.000000,0.000000,0.000000
1542418800.100000,0.000000,0.000000,0.000000,0.000000,0.000000,0.000000,0.000000
1542418800.150000,0.000000,0.000000,0.000000,0.000000,0.000000,0.000000,0.000000
1542418800.200000,0.000000,0.000000,0.000000,0.000000,0.000000,0.000000,0.000000
1542418800.250000,0.000000,0.000000,0.000000,0.000000,0.000000,0.000000,0.000000
1542418800.300000,0.000000,0.000000,0.000000,0.000000,0.000000,0.000000,0.000000
1542418800.350000,0.000000,0.000000,0.000000,0.000000,0.000000,0.000000,0.000000
1542418800.400000,0.000000,0.000000,0.000000,0.000000,0.000000,0.000000,0.000000
1542418800.450000,0.000000,0.000000,0.000000,0.000000,0.000000,0.000000,0.000000
1542418800.500000,0.000000,0.000000,0.000000,0.000000,0.000000,0.000000,0.000000
1542418800.550000,0.000000,0.000000,0.000000,0.000000,0.000000,0.000000,0.000000
1542418800.600000,0.000000,0.000000,0.000000,0.000000,0.000000,0.000000,0.000000
1542418800.650000,0.000000,0.000000,0.000000,0.000000,0.000000,0.000000,0.000000
1542418800.700000,0.000000,0.000000,0.000000,0.000000,0.000000,0.000000,0.000000
1542418800.750000,0.000000,0.000000,0.000000,0.000000,0.000000,0.000000,0.000000
1542418800.800000,0.000000,0.000000,0.000000,0.000000,0.000000,0.000000,0.000000
1542418800.850000,0.000000,0.000000,0.000000,0.000000,0.000000,0.000000,0.000000
1542418800.900000,0.000000,0.000000,0.000000,0.000000,0.000000,0.000000,0.000000
1542418800.950000,0.000000,0.000000,0.000000,0.000000,0.000000,0.000000,0.000000
1542418801.000000,0.000000,0.000000,0.000000,0.000000,0.000000,0.000000,0.000000
1542418801.050000,0.000000,0.000000,0.000000,0.000000,0.000000,0.000000,0.000000
1542418801.100000,0.000000,0.000000,0.000000,0.000000,0.000000,0.000000,0.000000
1542418801.150000,0.000000,0.000000,0.000000,0.000000,0.000000,0.000000,0.000000
1542418801.200000,0.000000,0.000000,0.000000,0.000000,0.000000,0.000000,0.000000
1542418801.250000,0.000000,0.000000,0.000000,0.000000,0.000000,0.000000,0.000000
1542418801.300000,0.000000,0.000000,0.000000,0.000000,0.000000,0.000000,0.000000
1542418801.350000,0.000000,0.000000,0.000000,0.000000,0.000000,0.000000,0.000000
1542418801.400000,0.000000,0.000000,0.000000,0.000000,0.000000,0.000000,0.000000
1542418801.450000,0.000000,0.000000,0.000000,0.000000,0.000000,0.000000,0.000000
1542418801.500000,0.000000,0.000000,0.000000,0.000000,0.000000,0.000000,0.000000
1542418801.550000,0.000000,0.000000,0.000000,0.000000,0.000000,0.000000,0.000000
1542418801.600000,0.000000,0.000000,0.000000,0.000000,0.000000,0.000000,0.000000
1542418801.650000,0.000000,0.000000,0.000000,0.000000,0.000000,0.000000,0.000000
1542418801.700000,0.000000,0.000000,0.000000,0.000000,0.000000,0.000000,0.000000
1542418801.750000,0.000000,0.000000,0.000000,0.000000,0.000000,0.000000,0.000000
1542418801.800000,0.000000,0.000000,0.000000,0.000000,0.000000,0.000000,0.000000
1542418801.850000,0.000000,0.000000,0.000000,0.000000,0.000000,0.000000,0.000000
1542418801.900000,0.000000,0.000000,0.000000,0.000000,0.000000,0.000000,0.000000
1542418801.950000,0.000000,0.000000,0.000000,0.000000,0.000000,0.000000,0.000000
1542418802.000000,0.000000,0.000000,0.000000,0.000000,0.000000,0.000000,0.000000
1542418802.050000,0.000000,0.000000,0.000000,0.000000,0.000000,0.000000,0.000000
1542418802.100000,0.000000,0.000000,0.000000,0.000000,0.000000,0.000000,0.000000
1542418802.150000,0.000000,0.000000,0.000000,0.000000,0.000000,0.000000,0.000000
1542418802.200000,0.000000,0.000000,0.000000,0.000000,0.000000,0.000000,0.000000
1542418802.250000,0.000000,0.000000,0.000000,0.000000,0.000000,0.000000,0.000000
1542418802.300000,0.000000,0.000000,0.000000,0.000000,0.000000,0.000000,0.000000
1542418802.350000,0.000000,0.000000,0.000000,0.000000,0.000000,0.000000,0.000000
1542418802.400000,0.000000,0.000000,0.000000,0.000000,0.000000,0.000000,0.000000
1542418802.450000,0.000000,0.000000,0.000000,0.000000,0.000000,0.000000,0.000000
1542418802.500000,0.000000,0.000000,0.000000,0.000000,0.000000,0.000000,0.000000
1542418802.550000,0.000000,0.000000,0.000000,0.000000,0.000000,0.000000,0.000000
1542418802.600000,0.000000,0.000000,0.000000,0.000000,0.000000,0.000000,0.000000
1542418802.650000,0.000000,0.000000,0.000000,0.000000,0.000000,0.000000,0.000000
1542418802.700000,0.000000,0.000000,0.000000,0.000000,0.000000,0.000000,0.000000
1542418802.750000,0.000000,0.000000,0.000000,0.000000,0.000000,0.000000,0.000000
1542418802.800000,0.000000,0.000000,0.000000,0.000000,0.000000,0.000000,0.000000
1542418802.850000,0.000000,0.000000,0.000000,0.000000,0.000000,0.000000,0.000000
1542418802.900000,0.000000,0.000000,0.000000,0.000000,0.000000,0.000000,0.000000
1542418802.950000,0.000000,0.000000,0.000000,0.000000,0.000000,0.000000,0.000000
1542418803.000000,0.000000,0.000000,0.000000,0.000000,0.000000,0.000000,0.000000
1542418803.050000,0.000000,0.000000,0.000000,0.000000,0.000000,0.000000,0.000000
1542418803.100000,0.000000,0.000000,0.000000,0.000000,0.000000,0.000000,0.000000
1542418803.150000,0.000000,0.000000,0.000000,0.000000,0.000000,0.000000,0.000000
1542418803.200000,0.000000,0.000000,0.000000,0.000000,0.000000,0.000000,0.000000
1542418803.250000,0.000000,0.000000,0.000000,0.000000,0.000000,0.000000,0.000000
1542418803.300000,0.000000,0.000000,0.000000,0.000000,0.000000,0.000000,0.000000
1542418803.350000,0.000000,0.000000,0.000000,0.000000,0.000000,0.000000,0.000000
1542418803.400000,0.000000,0.000000,0.000000,0.000000,0.000000,0.000000,0.000000
1542418803.450000,0.000000,0.000000,0.000000,0.000000,0.000000,0.000000,0.000000
1542418803.500000,0.000000,0.000000,0.000000,0.000000,0.000000,0.000000,0.000000
1542418803.550000,0.000000,0.000000,0.000000,0.000000,0.000000,0.000000,0.000000
1542418803.600000,0.000000,0.000000,0.000000,0.000000,0.000000,0.000000,0.000000
1542418803.650000,0.000000,0.000000,0.000000,0.000000,0.000000,0.000000,0.000000
1542418803.700000,0.000000,0.000000,0.000000,0.000000,0.000000,0.000000,0.000000
1542418803.750000,0.000000,0.000000,0.000000,0.000000,0.000000,0.000000,0.000000
1542418803.800000,0.000000,0.000000,0.000000,0.000000,0.000000,0.000000,0.000000
1542418803.850000,0.000000,0.000000,0.000000,0.000000,0.000000,0.000000,0.000000
1542418803.900000,0.000000,0.000000,0.000000,0.000000,0.000000,0.000000,0.000000
1542418803.950000,0.000000,0.000000,0.000000,0.000000,0.000000,0.000000,0.000000
1542418804.000000,0.000000,0.000000,0.000000,0.000000,0.000000,0.000000,0.000000
1542418804.050000,0.000000,0.000000,0.000000,0.000000,0.000000,0.000000,0.000000
1542418804.100000,0.000000,0.000000,0.000000,0.000000,0.000000,0.000000,0.000000
1542418804.150000,0.000000,0.000000,0.000000,0.000000,0.000000,0.000000,0.000000
1542418804.200000,0.000000,0.000000,0.000000,0.000000,0.000000,0.000000,0.000000
1542418804.250000,0.000000,0.000000,0.000000,0.000000,0.000000,0.000000,0.000000
1542418804.300000,0.000000,0.000000,0.000000,0.000000,0.000000,0.000000,0.000000
1542418804.350000,0.000000,0.000000,0.000000,0.000000,0.000000,0.000000,0.000000
1542418804.400000,0.000000,0.000000,0.000000,0.000000,0.000000,0.000000,0.000000
1542418804.450000,0.000000,0.000000,0.000000,0.000000,0.000000,0.000000,0.000000
1542418804.500000,0.000000,0.000000,0.000000,0.000000,0.000000,0.000000,0.000000
1542418804.550000,0.000000,0.000000,0.000000,0.000000,0.000000,0.000000,0.000000
1542418804.600000,0.000000,0.000000,0.000000,0.000000,0.000000,0.000000,0.000000
1542418804.650000,0.000000,0.000000,0.000000,0.000000,0.000000,0.000000,0.000000
1542418804.700000,0.000000,0.000000,0.000000,0.000000,0.000000,0.000000,0.000000
1542418804.750000,0.000000,0.000000,0.000000,0.000000,0.000000,0.000000,0.000000
1542418804.800000,0.000000,0.000000,0.000000,0.000000,0.000000,0.000000,0.000000
1542418804.850000,0.000000,0.000000,0.000000,0.000000,0.000000,0.000000,0.000000
1542418804.900000,0.000000,0.000000,0.000000,0.000000,0.000000,0.000000,0.000000
1542418804.950000,0.000000,0.000000,0.000000,0.000000,0.000000,0.000000,0.000000
1542418805.000000,0.000000,0.000000,0.000000,0.000000,0.000000,0.000000,0.000000
1542418805.050000,0.000000,0.000000,0.000000,0.000000,0.000000,0.000000,0.000000
1542418805.100000,0.000000,0.000000,0.000000,0.000000,0.000000,0.000000,0.000000
1542418805.150000,0.000000,0.000000,0.000000,0.000000,0.000000,0.000000,0.000000
1542418805.200000,0.000000,0.000000,0.000000,0.000000,0.000000,0.000000,0.000000
1542418805.250000,0.000000,0.000000,0.000000,0.000000,0.000000,0.000000,0.000000
1542418805.300000,0.000000,0.000000,0.000000,0.000000,0.000000,0.000000,0.000000
1542418805.350000,0.000000,0.000000,0.000000,0.000000,0.000000,0.000000,0.000000
1542418805.400000,0.000000,0.000000,0.000000,0.000000,0.000000,0.000000,0.000000
1542418805.450000,0.000000,0.000000,0.000000,0.000000,0.000000,0.000000,0.000000
1542418805.500000,0.000000,0.000000,0.000000,0.000000,0.000000,0.000000,0.000000
1542418805.550000,0.000000,0.000000,0.000000,0.000000,0.000000,0.000000,0.000000
1542418805.600000,0.000000,0.000000,0.000000,0.000000,0.000000,0.000000,0.000000
1542418805.650000,0.000000,0.000000,0.000000,0.000000,0.000000,0.000000,0.000000
1542418805.700000,0.000000,0.000000,0.000000,0.000000,0.000000,0.000000,0.000000
1542418805.750000,0.000000,0.000000,0.000000,0.000000,0.000000,0.000000,0.000000
1542418805.800000,0.000000,0.000000,0.000000,0.000000,0.000000,0.000000,0.000000
1542418805.850000,0.000000,0.000000,0.000000,0.000000,0.000000,0.000000,0.000000
1542418805.900000,0.000000,0.000000,0.000000,0.000000,0.000000,0.000000,0.000000
1542418805.950000,0.000000,0.000000,0.000000,0.000000,0.000000,0.000000,0.000000
1542418806.000000,0.000000,0.000000,0.000000,0.000000,0.000000,0.000000,0.000000
1542418806.050000,0.000000,0.000000,0.000000,0.000000,0.000000,0.000000,0.000000
1542418806.100000,0.000000,0.000000,0.000000,0.000000,0.000000,0.000000,0.000000
1542418806.150000,0.000000,0.000000,0.000000,0.000000,0.000000,0.000000,0.000000
1542418806.200000,0.000000,0.000000,0.000000,0.000000,0.000000,0.000000,0.000000
1542418806.250000,0.000000,0.000000,0.000000,0.000000,0.000000,0.000000,0.000000
1542418806.300000,0.000000,0.000000,0.000000,0.000000,0.000000,0.000000,0.000000
1542418806.350000,0.000000,0.000000,0.000000,0.000000,0.000000,0.000000,0.000000
1542418806.400000,0.000000,0.000000,0.000000,0.000000,0.000000,0.000000,0.000000
1542418806.450000,0.000000,0.000000,0.000000,0.000000,0.000000,0.000000,0.000000
1542418806.500000,0.000000,0.000000,0.000000,0.000000,0.000000,0.000000,0.000000
1542418806.550000,0.000000,0.000000,0.000000,0.000000,0.000000,0.000000,0.000000
1542418806.600000,0.000000,0.000000,0.000000,0.000000,0.000000,0.000000,0.000000
1542418806.650000,0.000000,0.000000,0.000000,0.000000,0.000000,0.000000,0.000000
1542418806.700000,0.000000,0.000000,0.000000,0.000000,0.000000,0.000000,0.000000
1542418806.750000,0.000000,0.000000,0.000000,0.000000,0.000000,0.000000,0.000000
1542418806.800000,0.000000,0.000000,0.000000,0.000000,0.000000,0.000000,0.000000
1542418806.850000,0.000000,0.000000,0.000000,0.000000,0.000000,0.000000,0.000000
1542418806.900000,0.000000,0.000000,0.000000,0.000000,0.000000,0.000000,0.000000
1542418806.950000,0.000000,0.000000,0.000000,0.000000,0.000000,0.000000,0.000000
1542418807.000000,0.000000,0.000000,0.000000,0.000000,0.000000,0.000000,0.000000
1542418807.050000,0.000000,0.000000,0.000000,0.000000,0.000000,0.000000,0.000000
1542418807.100000,0.000000,0.000000,0.000000,0.000000,0.000000,0.000000,0.000000
1542418807.150000,0.000000,0.000000,0.000000,0.000000,0.000000,0.000000,0.000000
1542418807.200000,0.000000,0.000000,0.000000,0.000000,0.000000,0.000000,0.000000
1542418807.250000,0.000000,0.000000,0.000000,0.000000,0.000000,0.000000,0.000000
1542418807.300000,0.000000,0.000000,0.000000,0.000000,0.000000,0.000000,0.000000
1542418807.350000,0.000000,0.000000,0.000000,0.000000,0.000000,0.000000,0.000000
1542418807.400000,0.000000,0.000000,0.000000,0.000000,0.000000,0.000000,0.000000
1542418807.450000,0.000000,0.000000,0.000000,0.000000,0.000000,0.000000,0.000000
1542418807.500000,0.000000,0.000000,0.000000,0.000000,0.000000,0.000000,0.000000
1542418807.550000,0.000000,0.000000,0.000000,0.000000,0.000000,0.000000,0.000000
1542418807.600000,0.000000,0.000000,0.000000,0.000000,0.000000,0.000000,0.000000
1542418807.650000,0.000000,0.000000,0.000000,0.000000,0.000000,0.000000,0.000000
1542418807.700000,0.000000,0.000000,0.000000,0.000000,0.000000,0.000000,0.000000
1542418807.750000,0.000000,0.000000,0.000000,0.000000,0.000000,0.000000,0.000000
1542418807.800000,0.000000,0.000000,0.000000,0.000000,0.000000,0.000000,0.000000
1542418807.850000,0.000000,0.000000,0.000000,0.000000,0.000000,0.000000,0.000000
1542418807.900000,0.000000,0.000000,0.000000,0.000000,0.000000,0.000000,0.000000
1542418807.950000,0.000000,0.000000,0.000000,0.000000,0.000000,0.000000,0.000000
1542418808.000000,0.000000,0.000000,0.000000,0.000000,0.000000,0.000000,0.000000
1542418808.050000,0.000000,0.000000,0.000000,0.000000,0.000000,0.000000,0.000000
1542418808.100000,0.000000,0.000000,0.000000,0.000000,0.000000,0.000000,0.000000
1542418808.150000,0.000000,0.000000,0.000000,0.000000,0.000000,0.000000,0.000000
1542418808.200000,0.000000,0.000000,0.000000,0.000000,0.000000,0.000000,0.000000
1542418808.250000,0.000000,0.000000,0.000000,0.000000,0.000000,0.000000,0.000000
1542418808.300000,0.000000,0.000000,0.000000,0.000000,0.000000,0.000000,0.000000
1542418808.350000,0.000000,0.000000,0.000000,0.000000,0.000000,0.000000,0.000000
1542418808.400000,0.000000,0.000000,0.000000,0.000000,0.000000,0.000000,0.000000
1542418808.450000,0.000000,0.000000,0.000000,0.000000,0.000000,0.000000,0.000000
1542418808.500000,0.000000,0.000000,0.000000,0.000000,0.000000,0.000000,0.000000
1542418808.550000,0.000000,0.000000,0.000000,0.000000,0.000000,0.000000,0.000000
1542418808.600000,0.000000,0.000000,0.000000,0.000000,0.000000,0.000000,0.000000
1542418808.650000,0.000000,0.000000,0.000000,0.000000,0.000000,0.000000,0.000000
1542418808.700000,0.000000,0.000000,0.000000,0.000000,0.000000,0.000000,0.000000
1542418808.750000,0.000000,0.000000,0.000000,0.000000,0.000000,0.000000,0.000000
1542418808.800000,0.000000,0.000000,0.000000,0.000000,0.000000,0.000000,0.000000
1542418808.850000,0.000000,0.000000,0.000000,0.000000,0.000000,0.000000,0.000000
1542418808.900000,0.000000,0.000000,0.000000,0.000000,0.000000,0.000000,0.000000
1542418808.950000,0.000000,0.000000,0.000000,0.000000,0.000000,0.000000,0.000000
1542418809.000000,0.000000,0.000000,0.000000,0.000000,0.000000,0.000000,0.000000
1542418809.050000,0.000000,0.000000,0.000000,0.000000,0.000000,0.000000,0.000000
1542418809.100000,0.000000,0.000000,0.000000,0.000000,0.000000,0.000000,0.000000
1542418809.150000,0.000000,0.000000,0.000000,0.000000,0.000000,0.000000,0.000000
1542418809.200000,0.000000,0.000000,0.000000,0.000000,0.000000,0.000000,0.000000
1542418809.250000,0.000000,0.000000,0.000000,0.000000,0.000000,0.000000,0.000000
1542418809.300000,0.000000,0.000000,0.000000,0.000000,0.000000,0.000000,0.000000
1542418809.350000,0.000000,0.000000,0.000000,0.000000,0.000000,0.000000,0.000000
1542418809.400000,0.000000,0.000000,0.000000,0.000000,0.000000,0.000000,0.000000
1542418809.450000,0.000000,0.000000,0.000000,0.000000,0.000000,0.000000,0.000000
1542418809.500000,0.000000,0.000000,0.000000,0.000000,0.000000,0.000000,0.000000
1542418809.550000,0.000000,0.000000,0.000000,0.000000,0.000000,0.000000,0.000000
1542418809.600000,0.000000,0.000000,0.000000,0.000000,0.000000,0.000000,0.000000
1542418809.650000,0.000000,0.000000,0.000000,0.000000,0.000000,0.000000,0.000000
1542418809.700000,0.000000,0.000000,0.000000,0.000000,0.000000,0.000000,0.000000
1542418809.750000,0.000000,0.000000,0.000000,0.000000,0.000000,0.000000,0.000000
1542418809.800000,0.000000,0.000000,0.000000,0.000000,0.000000,0.000000,0.000000
1542418809.850000,0.000000,0.000000,0.000000,0.000000,0.000000,0.000000,0.000000
1542418809.900000,0.000000,0.000000,0.000000,0.000000,0.000000,0.000000,0.000000
1542418809.950000,0.000000,0.000000,0.000000,0.000000,0.000000,0.000000,0.000000
1542418810.000000,0.000000,0.000000,0.000000,0.000000,0.000000,0.000000,0.000000
1542418810.050000,0.000000,0.000000,0.000000,0.000000,0.000000,0.000000,0.000000
1542418810.100000,0.000000,0.000000,0.000000,0.000000,0.000000,0.000000,0.000000
1542418810.150000,0.000000,0.000000,0.000000,0.000000,0.000000,0.000000,0.000000
1542418810.200000,0.000000,0.000000,0.000000,0.000000,0.000000,0.000000,0.000000
1542418810.250000,0.000000,0.000000,0.000000,0.000000,0.000000,0.000000,0.000000
1542418810.300000,0.000000,0.000000,0.000000,0.000000,0.000000,0.000000,0.000000
1542418810.350000,0.000000,0.000000,0.000000,0.000000,0.000000,0.000000,0.000000
1542418810.400000,0.000000,0.000000,0.000000,0.000000,0.000000,0.000000,0.000000
1542418810.450000,0.000000,0.000000,0.000000,0.000000,0.000000,0.000000,0.000000
1542418810.500000,0.000000,0.000000,0.000000,0.000000,0.000000,0.000000,0.000000
1542418810.550000,0.000000,0.000000,0.000000,0.000000,0.000000,0.000000,0.000000
1542418810.600000,0.000000,0.000000,0.000000,0.000000,0.000000,0.000000,0.000000
1542418810.650000,0.000000,0.000000,0.000000,0.000000,0.000000,0.000000,0.000000
1542418810.700000,0.000000,0.000000,0.000000,0.000000,0.000000,0.000000,0.000000
1542418810.750000,0.000000,0.000000,0.000000,0.000000,0.000000,0.000000,0.000000
1542418810.800000,0.000000,0.000000,0.000000,0.000000,0.000000,0.000000,0.000000
1542418810.850000,0.000000,0.000000,0.000000,0.000000,0.000000,0.000000,0.000000
1542418810.900000,0.000000,0.000000,0.000000,0.000000,0.000000,0.000000,0.000000
1542418810.950000,0.000000,0.000000,0.000000,0.000000,0.000000,0.000000,0.000000
1542418811.000000,0.000000,0.000000,0.000000,0.000000,0.000000,0.000000,0.000000
1542418811.050000,0.000000,0.000000,0.000000,0.000000,0.000000,0.000000,0.000000
1542418811.100000,0.000000,0.000000,0.000000,0.000000,0.000000,0.000000,0.000000
1542418811.150000,0.000000,0.000000,0.000000,0.000000,0.000000,0.000000,0.000000
1542418811.200000,0.000000,0.000000,0.000000,0.000000,0.000000,0.000000,0.000000
1542418811.250000,0.000000,0.000000,0.000000,0.000000,0.000000,0.000000,0.000000
1542418811.300000,0.000000,0.000000,0.000000,0.000000,0.000000,0.000000,0.000000
1542418811.350000,0.000000,0.000000,0.000000,0.000000,0.000000,0.000000,0.000000
1542418811.400000,0.000000,0.000000,0.000000,0.000000,0.000000,0.000000,0.000000
1542418811.450000,0.000000,0.000000,0.000000,0.000000,0.000000,0.000000,0.000000
1542418811.500000,0.000000,0.000000,0.000000,0.000000,0.000000,0.000000,0.000000
1542418811.550000,0.000000,0.000000,0.000000,0.000000,0.000000,0.000000,0.000000
1542418811.600000,0.000000,0.000000,0.000000,0.000000,0.000000,0.000000,0.000000
1542418811.650000,0.000000,0.000000,0.000000,0.000000,0.000000,0.000000,0.000000
1542418811.700000,0.000000,0.000000,0.000000,0.000000,0.000000,0.000000,0.000000
1542418811.750000,0.000000,0.000000,0.000000,0.000000,0.000000,0.000000,0.000000
1542418811.800000,0.000000,0.000000,0.000000,0.000000,0.000000,0.000000,0.000000
1542418811.850000,0.000000,0.000000,0.000000,0.000000,0.000000,0.000000,0.000000
1542418811.900000,0.000000,0.000000,0.000000,0.000000,0.000000,0.000000,0.000000
1542418811.950000,0.000000,0.000000,0.000000,0.000000,0.000000,0.000000,0.000000
1542418812.000000,0.000000,0.000000,0.000000,0.000000,0.000000,0.000000,0.000000
1542418812.050000,0.000000,0.000000,0.000000,0.000000,0.000000,0.000000,0.000000
1542418812.100000,0.000000,0.000000,0.000000,0.000000,0.000000,0.000000,0.000000
1542418812.150000,0.000000,0.000000,0.000000,0.000000,0.000000,0.000000,0.000000
1542418812.200000,0.000000,0.000000,0.000000,0.000000,0.000000,0.000000,0.000000
1542418812.250000,0.000000,0.000000,0.000000,0.000000,0.000000,0.000000,0.000000
1542418812.300000,0.000000,0.000000,0.000000,0.000000,0.000000,0.000000,0.000000
1542418812.350000,0.000000,0.000000,0.000000,0.000000,0.000000,0.000000,0.000000
1542418812.400000,0.000000,0.000000,0.000000,0.000000,0.000000,0.000000,0.000000
1542418812.450000,0.000000,0.000000,0.000000,0.000000,0.000000,0.000000,0.000000
1542418812.500000,0.000000,0.000000,0.000000,0.000000,0.000000,0.000000,0.000000
1542418812.550000,0.000000,0.000000,0.000000,0.000000,0.000000,0.000000,0.000000
1542418812.600000,0.000000,0.000000,0.000000,0.000000,0.000000,0.000000,0.000000
1542418812.650000,0.000000,0.000000,0.000000,0.000000,0.000000,0.000000,0.000000
1542418812.700000,0.000000,0.000000,0.000000,0.000000,0.000000,0.000000,0.000000
1542418812.750000,0.000000,0.000000,0.000000,0.000000,0.000000,0.000000,0.000000
1542418812.800000,0.000000,0.000000,0.000000,0.000000,0.000000,0.000000,0.000000
1542418812.850000,0.000000,0.000000,0.000000,0.000000,0.000000,0.000000,0.000000
1542418812.900000,0.000000,0.000000,0.000000,0.000000,0.000000,0.000000,0.000000
1542418812.950000,0.000000,0.000000,0.000000,0.000000,0.000000,0.000000,0.000000
1542418813.000000,0.000000,0.000000,0.000000,0.000000,0.000000,0.000000,0.000000
1542418813.050000,0.000000,0.000000,0.000000,0.000000,0.000000,0.000000,0.000000
1542418813.100000,0.000000,0.000000,0.000000,0.000000,0.000000,0.000000,0.000000
1542418813.150000,0.000000,0.000000,0.000000,0.000000,0.000000,0.000000,0.000000
1542418813.200000,0.000000,0.000000,0.000000,0.000000,0.000000,0.000000,0.000000
1542418813.250000,0.000000,0.000000,0.000000,0.000000,0.000000,0.000000,0.000000
1542418813.300000,0.000000,0.000000,0.000000,0.000000,0.000000,0.000000,0.000000
1542418813.350000,0.000000,0.000000,0.000000,0.000000,0.000000,0.000000,0.000000
1542418813.400000,0.000000,0.000000,0.000000,0.000000,0.000000,0.000000,0.000000
1542418813.450000,0.000000,0.000000,0.000000,0.000000,0.000000,0.000000,0.000000
1542418813.500000,0.000000,0.000000,0.000000,0.000000,0.000000,0.000000,0.000000
1542418813.550000,0.000000,0.000000,0.000000,0.000000,0.000000,0.000000,0.000000
1542418813.600000,0.000000,0.000000,0.000000,0.000000,0.000000,0.000000,0.000000
1542418813.650000,0.000000,0.000000,0.000000,0.000000,0.000000,0.000000,0.000000
1542418813.700000,0.000000,0.000000,0.000000,0.000000,0.000000,0.000000,0.000000
1542418813.750000,0.000000,0.000000,0.000000,0.000000,0.000000,0.000000,0.000000
1542418813.800000,0.000000,0.000000,0.000000,0.000000,0.000000,0.000000,0.000000
1542418813.850000,0.000000,0.000000,0.000000,0.000000,0.000000,0.000000,0.000000
1542418813.900000,0.000000,0.000000,0.000000,0.000000,0.000000,0.000000,0.000000
1542418813.950000,0.000000,0.000000,0.000000,0.000000,0.000000,0.000000,0.000000
1542418814.000000,0.000000,0.000000,0.000000,0.000000,0.000000,0.000000,0.000000
1542418814.050000,0.000000,0.000000,0.000000,0.000000,0.000000,0.000000,0.000000
1542418814.100000,0.000000,0.000000,0.000000,0.000000,0.000000,0.000000,0.000000
1542418814.150000,0.000000,0.000000,0.000000,0.000000,0.000000,0.000000,0.000000
1542418814.200000,0.000000,0.000000,0.000000,0.000000,0.000000,0.000000,0.000000
1542418814.250000,0.000000,0.000000,0.000000,0.000000,0.000000,0.000000,0.000000
1542418814.300000,0.000000,0.000000,0.000000,0.000000,0.000000,0.000000,0.000000
1542418814.350000,0.000000,0.000000,0.000000,0.000000,0.000000,0.000000,0.000000
1542418814.400000,0.000000,0.000000,0.000000,0.000000,0.000000,0.000000,0.000000
1542418814.450000,0.000000,0.000000,0.000000,0.000000,0.000000,0.000000,0.000000
1542418814.500000,0.000000,0.000000,0.000000,0.000000,0.000000,0.000000,0.000000
1542418814.550000,0.000000,0.000000,0.000000,0.000000,0.000000,0.000000,0.000000
1542418814.600000,0.000000,0.000000,0.000000,0.000000,0.000000,0.000000,0.000000
1542418814.650000,0.000000,0.000000,0.000000,0.000000,0.000000,0.000000,0.000000
1542418814.700000,0.000000,0.000000,0.000000,0.000000,0.000000,0.000000,0.000000
1542418814.750000,0.000000,0.000000,0.000000,0.000000,0.000000,0.000000,0.000000
1542418814.800000,0.000000,0.000000,0.000000,0.000000,0.000000,0.000000,0.000000
1542418814.850000,0.000000,0.000000,0.000000,0.000000,0.000000,0.000000,0.000000
1542418814.900000,0.000000,0.000000,0.000000,0.000000,0.000000,0.000000,0.000000
1542418814.950000,0.000000,0.000000,0.000000,0.000000,0.000000,0.000000,0.000000
1542418815.000000,0.000000,0.000000,0.000000,0.000000,0.000000,0.000000,0.000000
1542418815.050000,0.000000,0.000000,0.000000,0.000000,0.000000,0.000000,0.000000
1542418815.100000,0.000000,0.000000,0.000000,0.000000,0.000000,0.000000,0.000000
1542418815.150000,0.000000,0.000000,0.000000,0.000000,0.000000,0.000000,0.000000
1542418815.200000,0.000000,0.000000,0.000000,0.000000,0.000000,0.000000,0.000000
1542418815.250000,0.000000,0.000000,0.000000,0.000000,0.000000,0.000000,0.000000
1542418815.300000,0.000000,0.000000,0.000000,0.000000,0.000000,0.000000,0.000000
1542418815.350000,0.000000,0.000000,0.000000,0.000000,0.000000,0.000000,0.000000
1542418815.400000,0.000000,0.000000,0.000000,0.000000,0.000000,0.000000,0.000000
1542418815.450000,0.000000,0.000000,0.000000,0.000000,0.000000,0.000000,0.000000
1542418815.500000,0.000000,0.000000,0.000000,0.000000,0.000000,0.000000,0.000000
1542418815.550000,0.000000,0.000000,0.000000,0.000000,0.000000,0.000000,0.000000
1542418815.600000,0.000000,0.000000,0.000000,0.000000,0.000000,0.000000,0.000000
1542418815.650000,0.000000,0.000000,0.000000,0.000000,0.000000,0.000000,0.000000
1542418815.700000,0.000000,0.000000,0.000000,0.000000,0.000000,0.000000,0.000000
1542418815.750000,0.000000,0.000000,0.000000,0.000000,0.000000,0.000000,0.000000
1542418815.800000,0.000000,0.000000,0.000000,0.000000,0.000000,0.000000,0.000000
1542418815.850000,0.000000,0.000000,0.000000,0.000000,0.000000,0.000000,0.000000
1542418815.900000,0.000000,0.000000,0.000000,0.000000,0.000000,0.000000,0.000000
1542418815.950000,0.000000,0.000000,0.000000,0.000000,0.000000,0.000000,0.000000
1542418816.000000,0.000000,0.000000,0.000000,0.000000,0.000000,0.000000,0.000000
1542418816.050000,0.000000,0.000000,0.000000,0.000000,0.000000,0.000000,0.000000
1542418816.100000,0.000000,0.000000,0.000000,0.000000,0.000000,0.000000,0.000000
1542418816.150000,0.000000,0.000000,0.000000,0.000000,0.000000,0.000000,0.000000
1542418816.200000,0.000000,0.000000,0.000000,0.000000,0.000000,0.000000,0.000000
1542418816.250000,0.000000,0.000000,0.000000,0.000000,0.000000,0.000000,0.000000
1542418816.300000,0.000000,0.000000,0.000000,0.000000,0.000000,0.000000,0.000000
1542418816.350000,0.000000,0.000000,0.000000,0.000000,0.000000,0.000000,0.000000
1542418816.400000,0.000000,0.000000,0.000000,0.000000,0.000000,0.000000,0.000000
1542418816.450000,0.000000,0.000000,0.000000,0.000000,0.000000,0.000000,0.000000
1542418816.500000,0.000000,0.000000,0.000000,0.000000,0.000000,0.000000,0.000000
1542418816.550000,0.000000,0.000000,0.000000,0.000000,0.000000,0.000000,0.000000
1542418816.600000,0.000000,0.000000,0.000000,0.000000,0.000000,0.000000,0.000000
1542418816.650000,0.000000,0.000000,0.000000,0.000000,0.000000,0.000000,0.000000
1542418816.700000,0.000000,0.000000,0.000000,0.000000,0.000000,0.000000,0.000000
1542418816.750000,0.000000,0.000000,0.000000,0.000000,0.000000,0.000000,0.000000
1542418816.800000,0.000000,0.000000,0.000000,0.000000,0.000000,0.000000,0.000000
1542418816.850000,0.000000,0.000000,0.000000,0.000000,0.000000,0.000000,0.000000
1542418816.900000,0.000000,0.000000,0.000000,0.000000,0.000000,0.000000,0.000000
1542418816.950000,0.000000,0.000000,0.000000,0.000000,0.000000,0.000000,0.000000
1542418817.000000,0.000000,0.000000,0.000000,0.000000,0.000000,0.000000,0.000000
1542418817.050000,0.000000,0.000000,0.000000,0.000000,0.000000,0.000000,0.000000
1542418817.100000,0.000000,0.000000,0.000000,0.000000,0.000000,0.000000,0.000000
1542418817.150000,0.000000,0.000000,0.000000,0.000000,0.000000,0.000000,0.000000
1542418817.200000,0.000000,0.000000,0.000000,0.000000,0.000000,0.000000,0.000000
1542418817.250000,0.000000,0.000000,0.000000,0.000000,0.000000,0.000000,0.000000
1542418817.300000,0.000000,0.000000,0.000000,0.000000,0.000000,0.000000,0.000000
1542418817.350000,0.000000,0.000000,0.000000,0.000000,0.000000,0.000000,0.000000
1542418817.400000,0.000000,0.000000,0.000000,0.000000,0.000000,0.000000,0.000000
1542418817.450000,0.000000,0.000000,0.000000,0.000000,0.000000,0.000000,0.000000
1542418817.500000,0.000000,0.000000,0.000000,0.000000,0.000000,0.000000,0.000000
1542418817.550000,0.000000,0.000000,0.000000,0.000000,0.000000,0.000000,0.000000
1542418817.600000,0.000000,0.000000,0.000000,0.000000,0.000000,0.000000,0.000000
1542418817.650000,0.000000,0.000000,0.000000,0.000000,0.000000,0.000000,0.000000
1542418817.700000,0.000000,0.000000,0.000000,0.000000,0.000000,0.000000,0.000000
1542418817.750000,0.000000,0.000000,0.000000,0.000000,0.000000,0.000000,0.000000
1542418817.800000,0.000000,0.000000,0.000000,0.000000,0.000000,0.000000,0.000000
1542418817.850000,0.000000,0.000000,0.000000,0.000000,0.000000,0.000000,0.000000
1542418817.900000,0.000000,0.000000,0.000000,0.000000,0.000000,0.000000,0.000000
1542418817.950000,0.000000,0.000000,0.000000,0.000000,0.000000,0.000000,0.000000
1542418818.000000,0.000000,0.000000,0.000000,0.000000,0.000000,0.000000,0.000000
1542418818.050000,0.000000,0.000000,0.000000,0.000000,0.000000,0.000000,0.000000
1542418818.100000,0.000000,0.000000,0.000000,0.000000,0.000000,0.000000,0.000000
1542418818.150000,0.000000,0.000000,0.000000,0.000000,0.000000,0.000000,0.000000
1542418818.200000,0.000000,0.000000,0.000000,0.000000,0.000000,0.000000,0.000000
1542418818.250000,0.000000,0.000000,0.000000,0.000000,0.000000,0.000000,0.000000
1542418818.300000,0.000000,0.000000,0.000000,0.000000,0.000000,0.000000,0.000000
1542418818.350000,0.000000,0.000000,0.000000,0.000000,0.000000,0.000000,0.000000
1542418818.400000,0.000000,0.000000,0.000000,0.000000,0.000000,0.000000,0.000000
1542418818.450000,0.000000,0.000000,0.000000,0.000000,0.000000,0.000000,0.000000
1542418818.500000,0.000000,0.000000,0.000000,0.000000,0.000000,0.000000,0.000000
1542418818.550000,0.000000,0.000000,0.000000,0.000000,0.000000,0.000000,0.000000
1542418818.600000,0.000000,0.000000,0.000000,0.000000,0.000000,0.000000,0.000000
1542418818.650000,0.000000,0.000000,0.000000,0.000000,0.000000,0.000000,0.000000
1542418818.700000,0.000000,0.000000,0.000000,0.000000,0.000000,0.000000,0.000000
1542418818.750000,0.000000,0.000000,0.000000,0.000000,0.000000,0.000000,0.000000
1542418818.800000,0.000000,0.000000,0.000000,0.000000,0.000000,0.000000,0.000000
1542418818.850000,0.000000,0.000000,0.000000,0.000000,0.000000,0.000000,0.000000
1542418818.900000,0.000000,0.000000,0.000000,0.000000,0.000000,0.000000,0.000000
1542418818.950000,0.000000,0.000000,0.000000,0.000000,0.000000,0.000000,0.000000
1542418819.000000,0.000000,0.000000,0.000000,0.000000,0.000000,0.000000,0.000000
1542418819.050000,0.000000,0.000000,0.000000,0.000000,0.000000,0.000000,0.000000
1542418819.100000,0.000000,0.000000,0.000000,0.000000,0.000000,0.000000,0.000000
1542418819.150000,0.000000,0.000000,0.000000,0.000000,0.000000,0.000000,0.000000
1542418819.200000,0.000000,0.000000,0.000000,0.000000,0.000000,0.000000,0.000000
1542418819.250000,0.000000,0.000000,0.000000,0.000000,0.000000,0.000000,0.000000
1542418819.300000,0.000000,0.000000,0.000000,0.000000,0.000000,0.000000,0.000000
1542418819.350000,0.000000,0.000000,0.000000,0.000000,0.000000,0.000000,0.000000
1542418819.400000,0.000000,0.000000,0.000000,0.000000,0.000000,0.000000,0.000000
1542418819.450000,0.000000,0.000000,0.000000,0.000000,0.000000,0.000000,0.000000
1542418819.500000,0.000000,0.000000,0.000000,0.000000,0.000000,0.000000,0.000000
1542418819.550000,0.000000,0.000000,0.000000,0.000000,0.000000,0.000000,0.000000
1542418819.600000,0.000000,0.000000,0.000000,0.000000,0.000000,0.000000,0.000000
1542418819.650000,0.000000,0.000000,0.000000,0.000000,0.000000,0.000000,0.000000
1542418819.700000,0.000000,0.000000,0.000000,0.000000,0.000000,0.000000,0.000000
1542418819.750000,0.000000,0.000000,0.000000,0.000000,0.000000,0.000000,0.000000
1542418819.800000,0.000000,0.000000,0.000000,0.000000,0.000000,0.000000,0.000000
1542418819.850000,0.000000,0.000000,0.000000,0.000000,0.000000,0.000000,0.000000
1542418819.900000,0.000000,0.000000,0.000000,0.000000,0.000000,0.000000,0.000000
1542418819.950000,0.000000,0.000000,0.000000,0.000000,0.000000,0.000000,0.000000
1542418820.000000,0.000000,0.000000,0.000000,0.000000,0.000000,0.000000,0.000000
1542418820.050000,0.000000,0.000000,0.000000,0.000000,0.000000,0.000000,0.000000
1542418820.100000,0.000000,0.000000,0.000000,0.000000,0.000000,0.000000,0.000000
1542418820.150000,0.000000,0.000000,0.000000,0.000000,0.000000,0.000000,0.000000
1542418820.200000,0.000000,0.000000,0.000000,0.000000,0.000000,0.000000,0.000000
1542418820.250000,0.000000,0.000000,0.000000,0.000000,0.000000,0.000000,0.000000
1542418820.300000,0.000000,0.000000,0.000000,0.000000,0.000000,0.000000,0.000000
1542418820.350000,0.000000,0.000000,0.000000,0.000000,0.000000,0.000000,0.000000
1542418820.400000,0.000000,0.000000,0.000000,0.000000,0.000000,0.000000,0.000000
1542418820.450000,0.000000,0.000000,0.000000,0.000000,0.000000,0.000000,0.000000
1542418820.500000,0.000000,0.000000,0.000000,0.000000,0.000000,0.000000,0.000000
1542418820.550000,0.000000,0.000000,0.000000,0.000000,0.000000,0.000000,0.000000
1542418820.600000,0.000000,0.000000,0.000000,0.000000,0.000000,0.000000,0.000000
1542418820.650000,0.000000,0.000000,0.000000,0.000000,0.000000,0.000000,0.000000
1542418820.700000,0.000000,0.000000,0.000000,0.000000,0.000000,0.000000,0.000000
1542418820.750000,0.000000,0.000000,0.000000,0.000000,0.000000,0.000000,0.000000
1542418820.800000,0.000000,0.000000,0.000000,0.000000,0.000000,0.000000,0.000000
1542418820.850000,0.000000,0.000000,0.000000,0.000000,0.000000,0.000000,0.000000
1542418820.900000,0.000000,0.000000,0.000000,0.000000,0.000000,0.000000,0.000000
1542418820.950000,0.000000,0.000000,0.000000,0.000000,0.000000,0.000000,0.000000
1542418821.000000,0.000000,0.000000,0.000000,0.000000,0.000000,0.000000,0.000000
1542418821.050000,0.000000,0.000000,0.000000,0.000000,0.000000,0.000000,0.000000
1542418821.100000,0.000000,0.000000,0.000000,0.000000,0.000000,0.000000,0.000000
1542418821.150000,0.000000,0.000000,0.000000,0.000000,0.000000,0.000000,0.000000
1542418821.200000,0.000000,0.000000,0.000000,0.000000,0.000000,0.000000,0.000000
1542418821.250000,0.000000,0.000000,0.000000,0.000000,0.000000,0.000000,0.000000
1542418821.300000,0.000000,0.000000,0.000000,0.000000,0.000000,0.000000,0.000000
1542418821.350000,0.000000,0.000000,0.000000,0.000000,0.000000,0.000000,0.000000
1542418821.400000,0.000000,0.000000,0.000000,0.000000,0.000000,0.000000,0.000000
1542418821.450000,0.000000,0.000000,0.000000,0.000000,0.000000,0.000000,0.000000
1542418821.500000,0.000000,0.000000,0.000000,0.000000,0.000000,0.000000,0.000000
1542418821.550000,0.000000,0.000000,0.000000,0.000000,0.000000,0.000000,0.000000
1542418821.600000,0.000000,0.000000,0.000000,0.000000,0.000000,0.000000,0.000000
1542418821.650000,0.000000,0.000000,0.000000,0.000000,0.000000,0.000000,0.000000
1542418821.700000,0.000000,0.000000,0.000000,0.000000,0.000000,0.000000,0.000000
1542418821.750000,0.000000,0.000000,0.000000,0.000000,0.000000,0.000000,0.000000
1542418821.800000,0.000000,0.000000,0.000000,0.000000,0.000000,0.000000,0.000000
1542418821.850000,0.000000,0.000000,0.000000,0.000000,0.000000,0.000000,0.000000
1542418821.900000,0.000000,0.000000,0.000000,0.000000,0.000000,0.000000,0.000000
1542418821.950000,0.000000,0.000000,0.000000,0.000000,0.000000,0.000000,0.000000
1542418822.000000,0.000000,0.000000,0.000000,0.000000,0.000000,0.000000,0.000000
1542418822.050000,0.000000,0.000000,0.000000,0.000000,0.000000,0.000000,0.000000
1542418822.100000,0.000000,0.000000,0.000000,0.000000,0.000000,0.000000,0.000000
1542418822.150000,0.000000,0.000000,0.000000,0.000000,0.000000,0.000000,0.000000
1542418822.200000,0.000000,0.000000,0.000000,0.000000,0.000000,0.000000,0.000000
1542418822.250000,0.000000,0.000000,0.000000,0.000000,0.000000,0.000000,0.000000
1542418822.300000,0.000000,0.000000,0.000000,0.000000,0.000000,0.000000,0.000000
1542418822.350000,0.000000,0.000000,0.000000,0.000000,0.000000,0.000000,0.000000
1542418822.400000,0.000000,0.000000,0.000000,0.000000,0.000000,0.000000,0.000000
1542418822.450000,0.000000,0.000000,0.000000,0.000000,0.000000,0.000000,0.000000
1542418822.500000,0.000000,0.000000,0.000000,0.000000,0.000000,0.000000,0.000000
1542418822.550000,0.000000,0.000000,0.000000,0.000000,0.000000,0.000000,0.000000
1542418822.600000,0.000000,0.000000,0.000000,0.000000,0.000000,0.000000,0.000000
1542418822.650000,0.000000,0.000000,0.000000,0.000000,0.000000,0.000000,0.000000
1542418822.700000,0.000000,0.000000,0.000000,0.000000,0.000000,0.000000,0.000000
1542418822.750000,0.000000,0.000000,0.000000,0.000000,0.000000,0.000000,0.000000
1542418822.800000,0.000000,0.000000,0.000000,0.000000,0.000000,0.000000,0.000000
1542418822.850000,0.000000,0.000000,0.000000,0.000000,0.000000,0.000000,0.000000
1542418822.900000,0.000000,0.000000,0.000000,0.000000,0.000000,0.000000,0.000000
1542418822.950000,0.000000,0.000000,0.000000,0.000000,0.000000,0.000000,0.000000
1542418823.000000,0.000000,0.000000,0.000000,0.000000,0.000000,0.000000,0.000000
1542418823.050000,0.000000,0.000000,0.000000,0.000000,0.000000,0.000000,0.000000
1542418823.100000,0.000000,0.000000,0.000000,0.000000,0.000000,0.000000,0.000000
1542418823.150000,0.000000,0.000000,0.000000,0.000000,0.000000,0.000000,0.000000
1542418823.200000,0.000000,0.000000,0.000000,0.000000,0.000000,0.000000,0.000000
1542418823.250000,0.000000,0.000000,0.000000,0.000000,0.000000,0.000000,0.000000
1542418823.300000,0.000000,0.000000,0.000000,0.000000,0.000000,0.000000,0.000000
1542418823.350000,0.000000,0.000000,0.000000,0.000000,0.000000,0.000000,0.000000
1542418823.400000,0.000000,0.000000,0.000000,0.000000,0.000000,0.000000,0.000000
1542418823.450000,0.000000,0.000000,0.000000,0.000000,0.000000,0.000000,0.000000
1542418823.500000,0.000000,0.000000,0.000000,0.000000,0.000000,0.000000,0.000000
1542418823.550000,0.000000,0.000000,0.000000,0.000000,0.000000,0.000000,0.000000
1542418823.600000,0.000000,0.000000,0.000000,0.000000,0.000000,0.000000,0.000000
1542418823.650000,0.000000,0.000000,0.000000,0.000000,0.000000,0.000000,0.000000
1542418823.700000,0.000000,0.000000,0.000000,0.000000,0.000000,0.000000,0.000000
1542418823.750000,0.000000,0.000000,0.000000,0.000000,0.000000,0.000000,0.000000
1542418823.800000,0.000000,0.000000,0.000000,0.000000,0.000000,0.000000,0.000000
1542418823.850000,0.000000,0.000000,0.000000,0.000000,0.000000,0.000000,0.000000
1542418823.900000,0.000000,0.000000,0.000000,0.000000,0.000000,0.000000,0.000000
1542418823.950000,0.000000,0.000000,0.000000,0.000000,0.000000,0.000000,0.000000
1542418824.000000,0.000000,0.000000,0.000000,0.000000,0.000000,0.000000,0.000000
1542418824.050000,0.000000,0.000000,0.000000,0.000000,0.000000,0.000000,0.000000
1542418824.100000,0.000000,0.000000,0.000000,0.000000,0.000000,0.000000,0.000000
1542418824.150000,0.000000,0.000000,0.000000,0.000000,0.000000,0.000000,0.000000
1542418824.200000,0.000000,0.000000,0.000000,0.000000,0.000000,0.000000,0.000000
1542418824.250000,0.000000,0.000000,0.000000,0.000000,0.000000,0.000000,0.000000
1542418824.300000,0.000000,0.000000,0.000000,0.000000,0.000000,0.000000,0.000000
1542418824.350000,0.000000,0.000000,0.000000,0.000000,0.000000,0.000000,0.000000
1542418824.400000,0.000000,0.000000,0.000000,0.000000,0.000000,0.000000,0.000000
1542418824.450000,0.000000,0.000000,0.000000,0.000000,0.000000,0.000000,0.000000
1542418824.500000,0.000000,0.000000,0.000000,0.000000,0.000000,0.000000,0.000000
1542418824.550000,0.000000,0.000000,0.000000,0.000000,0.000000,0.000000,0.000000
1542418824.600000,0.000000,0.000000,0.000000,0.000000,0.000000,0.000000,0.000000
1542418824.650000,0.000000,0.000000,0.000000,0.000000,0.000000,0.000000,0.000000
1542418824.700000,0.000000,0.000000,0.000000,0.000000,0.000000,0.000000,0.000000
1542418824.750000,0.000000,0.000000,0.000000,0.000000,0.000000,0.000000,0.000000
1542418824.800000,0.000000,0.000000,0.000000,0.000000,0.000000,0.000000,0.000000
1542418824.850000,0.000000,0.000000,0.000000,0.000000,0.000000,0.000000,0.000000
1542418824.900000,0.000000,0.000000,0.000000,0.000000,0.000000,0.000000,0.000000
1542418824.950000,0.000000,0.000000,0.000000,0.000000,0.000000,0.000000,0.000000
1542418825.000000,0.000000,0.000000,0.000000,0.000000,0.000000,0.000000,0.000000
1542418825.050000,0.000000,0.000000,0.000000,0.000000,0.000000,0.000000,0.000000
1542418825.100000,0.000000,0.000000,0.000000,0.000000,0.000000,0.000000,0.000000
1542418825.150000,0.000000,0.000000,0.000000,0.000000,0.000000,0.000000,0.000000
1542418825.200000,0.000000,0.000000,0.000000,0.000000,0.000000,0.000000,0.000000
1542418825.250000,0.000000,0.000000,0.000000,0.000000,0.000000,0.000000,0.000000
1542418825.300000,0.000000,0.000000,0.000000,0.000000,0.000000,0.000000,0.000000
1542418825.350000,0.000000,0.000000,0.000000,0.000000,0.000000,0.000000,0.000000
1542418825.400000,0.000000,0.000000,0.000000,0.000000,0.000000,0.000000,0.000000
1542418825.450000,0.000000,0.000000,0.000000,0.000000,0.000000,0.000000,0.000000
1542418825.500000,0.000000,0.000000,0.000000,0.000000,0.000000,0.000000,0.000000
1542418825.550000,0.000000,0.000000,0.000000,0.000000,0.000000,0.000000,0.000000
1542418825.600000,0.000000,0.000000,0.000000,0.000000,0.000000,0.000000,0.000000
1542418825.650000,0.000000,0.000000,0.000000,0.000000,0.000000,0.000000,0.000000
1542418825.700000,0.000000,0.000000,0.000000,0.000000,0.000000,0.000000,0.000000
1542418825.750000,0.000000,0.000000,0.000000,0.000000,0.000000,0.000000,0.000000
1542418825.800000,0.000000,0.000000,0.000000,0.000000,0.000000,0.000000,0.000000
1542418825.850000,0.000000,0.000000,0.000000,0.000000,0.000000,0.000000,0.000000
1542418825.900000,0.000000,0.000000,0.000000,0.000000,0.000000,0.000000,0.000000
1542418825.950000,0.000000,0.000000,0.000000,0.000000,0.000000,0.000000,0.000000
1542418826.000000,0.000000,0.000000,0.000000,0.000000,0.000000,0.000000,0.000000
1542418826.050000,0.000000,0.000000,0.000000,0.000000,0.000000,0.000000,0.000000
1542418826.100000,0.000000,0.000000,0.000000,0.000000,0.000000,0.000000,0.000000
1542418826.150000,0.000000,0.000000,0.000000,0.000000,0.000000,0.000000,0.000000
1542418826.200000,0.000000,0.000000,0.000000,0.000000,0.000000,0.000000,0.000000
1542418826.250000,0.000000,0.000000,0.000000,0.000000,0.000000,0.000000,0.000000
1542418826.300000,0.000000,0.000000,0.000000,0.000000,0.000000,0.000000,0.000000
1542418826.350000,0.000000,0.000000,0.000000,0.000000,0.000000,0.000000,0.000000
1542418826.400000,0.000000,0.000000,0.000000,0.000000,0.000000,0.000000,0.000000
1542418826.450000,0.000000,0.000000,0.000000,0.000000,0.000000,0.000000,0.000000
1542418826.500000,0.000000,0.000000,0.000000,0.000000,0.000000,0.000000,0.000000
1542418826.550000,0.000000,0.000000,0.000000,0.000000,0.000000,0.000000,0.000000
1542418826.600000,0.000000,0.000000,0.000000,0.000000,0.000000,0.000000,0.000000
1542418826.650000,0.000000,0.000000,0.000000,0.000000,0.000000,0.000000,0.000000
1542418826.700000,0.000000,0.000000,0.000000,0.000000,0.000000,0.000000,0.000000
1542418826.750000,0.000000,0.000000,0.000000,0.000000,0.000000,0.000000,0.000000
1542418826.800000,0.000000,0.000000,0.000000,0.000000,0.000000,0.000000,0.000000
1542418826.850000,0.000000,0.000000,0.000000,0.000000,0.000000,0.000000,0.000000
1542418826.900000,0.000000,0.000000,0.000000,0.000000,0.000000,0.000000,0.000000
1542418826.950000,0.000000,0.000000,0.000000,0.000000,0.000000,0.000000,0.000000
1542418827.000000,0.000000,0.000000,0.000000,0.000000,0.000000,0.000000,0.000000
1542418827.050000,0.000000,0.000000,0.000000,0.000000,0.000000,0.000000,0.000000
1542418827.100000,0.000000,0.000000,0.000000,0.000000,0.000000,0.000000,0.000000
1542418827.150000,0.000000,0.000000,0.000000,0.000000,0.000000,0.000000,0.000000
1542418827.200000,0.000000,0.000000,0.000000,0.000000,0.000000,0.000000,0.000000
1542418827.250000,0.000000,0.000000,0.000000,0.000000,0.000000,0.000000,0.000000
1542418827.300000,0.000000,0.000000,0.000000,0.000000,0.000000,0.000000,0.000000
1542418827.350000,0.000000,0.000000,0.000000,0.000000,0.000000,0.000000,0.000000
1542418827.400000,0.000000,0.000000,0.000000,0.000000,0.000000,0.000000,0.000000
1542418827.450000,0.000000,0.000000,0.000000,0.000000,0.000000,0.000000,0.000000
1542418827.500000,0.000000,0.000000,0.000000,0.000000,0.000000,0.000000,0.000000
1542418827.550000,0.000000,0.000000,0.000000,0.000000,0.000000,0.000000,0.000000
1542418827.600000,0.000000,0.000000,0.000000,0.000000,0.000000,0.000000,0.000000
1542418827.650000,0.000000,0.000000,0.000000,0.000000,0.000000,0.000000,0.000000
1542418827.700000,0.000000,0.000000,0.000000,0.000000,0.000000,0.000000,0.000000
1542418827.750000,0.000000,0.000000,0.000000,0.000000,0.000000,0.000000,0.000000
1542418827.800000,0.000000,0.000000,0.000000,0.000000,0.000000,0.000000,0.000000
1542418827.850000,0.000000,0.000000,0.000000,0.000000,0.000000,0.000000,0.000000
1542418827.900000,0.000000,0.000000,0.000000,0.000000,0.000000,0.000000,0.000000
1542418827.950000,0.000000,0.000000,0.000000,0.000000,0.000000,0.000000,0.000000
1542418828.000000,0.000000,0.000000,0.000000,0.000000,0.000000,0.000000,0.000000
1542418828.050000,0.000000,0.000000,0.000000,0.000000,0.000000,0.000000,0.000000
1542418828.100000,0.000000,0.000000,0.000000,0.000000,0.000000,0.000000,0.000000
1542418828.150000,0.000000,0.000000,0.000000,0.000000,0.000000,0.000000,0.000000
1542418828.200000,0.000000,0.000000,0.000000,0.000000,0.000000,0.000000,0.000000
1542418828.250000,0.000000,0.000000,0.000000,0.000000,0.000000,0.000000,0.000000
1542418828.300000,0.000000,0.000000,0.000000,0.000000,0.000000,0.000000,0.000000
1542418828.350000,0.000000,0.000000,0.000000,0.000000,0.000000,0.000000,0.000000
1542418828.400000,0.000000,0.000000,0.000000,0.000000,0.000000,0.000000,0.000000
1542418828.450000,0.000000,0.000000,0.000000,0.000000,0.000000,0.000000,0.000000
1542418828.500000,0.000000,0.000000,0.000000,0.000000,0.000000,0.000000,0.000000
1542418828.550000,0.000000,0.000000,0.000000,0.000000,0.000000,0.000000,0.000000
1542418828.600000,0.000000,0.000000,0.000000,0.000000,0.000000,0.000000,0.000000
1542418828.650000,0.000000,0.000000,0.000000,0.000000,0.000000,0.000000,0.000000
1542418828.700000,0.000000,0.000000,0.000000,0.000000,0.000000,0.000000,0.000000
1542418828.750000,0.000000,0.000000,0.000000,0.000000,0.000000,0.000000,0.000000
1542418828.800000,0.000000,0.000000,0.000000,0.000000,0.000000,0.000000,0.000000
1542418828.850000,0.000000,0.000000,0.000000,0.000000,0.000000,0.000000,0.000000
1542418828.900000,0.000000,0.000000,0.000000,0.000000,0.000000,0.000000,0.000000
1542418828.950000,0.000000,0.000000,0.000000,0.000000,0.000000,0.000000,0.000000
1542418829.000000,0.000000,0.000000,0.000000,0.000000,0.000000,0.000000,0.000000
1542418829.050000,0.000000,0.000000,0.000000,0.000000,0.000000,0.000000,0.000000
1542418829.100000,0.000000,0.000000,0.000000,0.000000,0.000000,0.000000,0.000000
1542418829.150000,0.000000,0.000000,0.000000,0.000000,0.000000,0.000000,0.000000
1542418829.200000,0.000000,0.000000,0.000000,0.000000,0.000000,0.000000,0.000000
1542418829.250000,0.000000,0.000000,0.000000,0.000000,0.000000,0.000000,0.000000
1542418829.300000,0.000000,0.000000,0.000000,0.000000,0.000000,0.000000,0.000000
1542418829.350000,0.000000,0.000000,0.000000,0.000000,0.000000,0.000000,0.000000
1542418829.400000,0.000000,0.000000,0.000000,0.000000,0.000000,0.000000,0.000000
1542418829.450000,0.000000,0.000000,0.000000,0.000000,0.000000,0.000000,0.000000
1542418829.500000,0.000000,0.000000,0.000000,0.000000,0.000000,0.000000,0.000000
1542418829.550000,0.000000,0.000000,0.000000,0.000000,0.000000,0.000000,0.000000
1542418829.600000,0.000000,0.000000,0.000000,0.000000,0.000000,0.000000,0.000000
1542418829.650000,0.000000,0.000000,0.000000,0.000000,0.000000,0.000000,0.000000
1542418829.700000,0.000000,0.000000,0.000000,0.000000,0.000000,0.000000,0.000000
1542418829.750000,0.000000,0.000000,0.000000,0.000000,0.000000,0.000000,0.000000
1542418829.800000,0.000000,0.000000,0.000000,0.000000,0.000000,0.000000,0.000000
1542418829.850000,0.000000,0.000000,0.000000,0.000000,0.000000,0.000000,0.000000
1542418829.900000,0.000000,0.000000,0.000000,0.000000,0.000000,0.000000,0.000000
1542418829.950000,0.000000,0.000000,0.000000,0.000000,0.000000,0.000000,0.000000
1542418830.000000,0.000000,0.000000,0.000000,0.000000,0.000000,0.000000,0.000000
1542418830.050000,0.000000,0.000000,0.000000,0.000000,0.000000,0.000000,0.000000
1542418830.100000,0.000000,0.000000,0.000000,0.000000,0.000000,0.000000,0.000000
1542418830.150000,0.000000,0.000000,0.000000,0.000000,0.000000,0.000000,0.000000
1542418830.200000,0.000000,0.000000,0.000000,0.000000,0.000000,0.000000,0.000000
1542418830.250000,0.000000,0.000000,0.000000,0.000000,0.000000,0.000000,0.000000
1542418830.300000,0.000000,0.000000,0.000000,0.000000,0.000000,0.000000,0.000000
1542418830.350000,0.000000,0.000000,0.000000,0.000000,0.000000,0.000000,0.000000
1542418830.400000,0.000000,0.000000,0.000000,0.000000,0.000000,0.000000,0.000000
1542418830.450000,0.000000,0.000000,0.000000,0.000000,0.000000,0.000000,0.000000
1542418830.500000,0.000000,0.000000,0.000000,0.000000,0.000000,0.000000,0.000000
1542418830.550000,0.000000,0.000000,0.000000,0.000000,0.000000,0.000000,0.000000
1542418830.600000,0.000000,0.000000,0.000000,0.000000,0.000000,0.000000,0.000000
1542418830.650000,0.000000,0.000000,0.000000,0.000000,0.000000,0.000000,0.000000
1542418830.700000,0.000000,0.000000,0.000000,0.000000,0.000000,0.000000,0.000000
1542418830.750000,0.000000,0.000000,0.000000,0.000000,0.000000,0.000000,0.000000
1542418830.800000,0.000000,0.000000,0.000000,0.000000,0.000000,0.000000,0.000000
1542418830.850000,0.000000,0.000000,0.000000,0.000000,0.000000,0.000000,0.000000
1542418830.900000,0.000000,0.000000,0.000000,0.000000,0.000000,0.000000,0.000000
1542418830.950000,0.000000,0.000000,0.000000,0.000000,0.000000,0.000000,0.000000
1542418831.000000,0.000000,0.000000,0.000000,0.000000,0.000000,0.000000,0.000000
1542418831.050000,0.000000,0.000000,0.000000,0.000000,0.000000,0.000000,0.000000
1542418831.100000,0.000000,0.000000,0.000000,0.000000,0.000000,0.000000,0.000000
1542418831.150000,0.000000,0.000000,0.000000,0.000000,0.000000,0.000000,0.000000
1542418831.200000,0.000000,0.000000,0.000000,0.000000,0.000000,0.000000,0.000000
1542418831.250000,0.000000,0.000000,0.000000,0.000000,0.000000,0.000000,0.000000
1542418831.300000,0.000000,0.000000,0.000000,0.000000,0.000000,0.000000,0.000000
1542418831.350000,0.000000,0.000000,0.000000,0.000000,0.000000,0.000000,0.000000
1542418831.400000,0.000000,0.000000,0.000000,0.000000,0.000000,0.000000,0.000000
1542418831.450000,0.000000,0.000000,0.000000,0.000000,0.000000,0.000000,0.000000
1542418831.500000,0.000000,0.000000,0.000000,0.000000,0.000000,0.000000,0.000000
1542418831.550000,0.000000,0.000000,0.000000,0.000000,0.000000,0.000000,0.000000
1542418831.600000,0.000000,0.000000,0.000000,0.000000,0.000000,0.000000,0.000000
1542418831.650000,0.000000,0.000000,0.000000,0.000000,0.000000,0.000000,0.000000
1542418831.700000,0.000000,0.000000,0.000000,0.000000,0.000000,0.000000,0.000000
1542418831.750000,0.000000,0.000000,0.000000,0.000000,0.000000,0.000000,0.000000
1542418831.800000,0.000000,0.000000,0.000000,0.000000,0.000000,0.000000,0.000000
1542418831.850000,0.000000,0.000000,0.000000,0.000000,0.000000,0.000000,0.000000
1542418831.900000,0.000000,0.000000,0.000000,0.000000,0.000000,0.000000,0.000000
1542418831.950000,0.000000,0.000000,0.000000,0.000000,0.000000,0.000000,0.000000
1542418832.000000,0.000000,0.000000,0.000000,0.000000,0.000000,0.000000,0.000000
1542418832.050000,0.000000,0.000000,0.000000,0.000000,0.000000,0.000000,0.000000
1542418832.100000,0.000000,0.000000,0.000000,0.000000,0.000000,0.000000,0.000000
1542418832.150000,0.000000,0.000000,0.000000,0.000000,0.000000,0.000000,0.000000
1542418832.200000,0.000000,0.000000,0.000000,0.000000,0.000000,0.000000,0.000000
1542418832.250000,0.000000,0.000000,0.000000,0.000000,0.000000,0.000000,0.000000
1542418832.300000,0.000000,0.000000,0.000000,0.000000,0.000000,0.000000,0.000000
1542418832.350000,0.000000,0.000000,0.000000,0.000000,0.000000,0.000000,0.000000
1542418832.400000,0.000000,0.000000,0.000000,0.000000,0.000000,0.000000,0.000000
1542418832.450000,0.000000,0.000000,0.000000,0.000000,0.000000,0.000000,0.000000
1542418832.500000,0.000000,0.000000,0.000000,0.000000,0.000000,0.000000,0.000000
1542418832.550000,0.000000,0.000000,0.000000,0.000000,0.000000,0.000000,0.000000
1542418832.600000,0.000000,0.000000,0.000000,0.000000,0.000000,0.000000,0.000000
1542418832.650000,0.000000,0.000000,0.000000,0.000000,0.000000,0.000000,0.000000
1542418832.700000,0.000000,0.000000,0.000000,0.000000,0.000000,0.000000,0.000000
1542418832.750000,0.000000,0.000000,0.000000,0.000000,0.000000,0.000000,0.000000
1542418832.800000,0.000000,0.000000,0.000000,0.000000,0.000000,0.000000,0.000000
1542418832.850000,0.000000,0.000000,0.000000,0.000000,0.000000,0.000000,0.000000
1542418832.900000,0.000000,0.000000,0.000000,0.000000,0.000000,0.000000,0.000000
1542418832.950000,0.000000,0.000000,0.000000,0.000000,0.000000,0.000000,0.000000
1542418833.000000,0.000000,0.000000,0.000000,0.000000,0.000000,0.000000,0.000000
1542418833.050000,0.000000,0.000000,0.000000,0.000000,0.000000,0.000000,0.000000
1542418833.100000,0.000000,0.000000,0.000000,0.000000,0.000000,0.000000,0.000000
1542418833.150000,0.000000,0.000000,0.000000,0.000000,0.000000,0.000000,0.000000
1542418833.200000,0.000000,0.000000,0.000000,0.000000,0.000000,0.000000,0.000000
1542418833.250000,0.000000,0.000000,0.000000,0.000000,0.000000,0.000000,0.000000
1542418833.300000,0.000000,0.000000,0.000000,0.000000,0.000000,0.000000,0.000000
1542418833.350000,0.000000,0.000000,0.000000,0.000000,0.000000,0.000000,0.000000
1542418833.400000,0.000000,0.000000,0.000000,0.000000,0.000000,0.000000,0.000000
1542418833.450000,0.000000,0.000000,0.000000,0.000000,0.000000,0.000000,0.000000
1542418833.500000,0.000000,0.000000,0.000000,0.000000,0.000000,0.000000,0.000000
1542418833.550000,0.000000,0.000000,0.000000,0.000000,0.000000,0.000000,0.000000
1542418833.600000,0.000000,0.000000,0.000000,0.000000,0.000000,0.000000,0.000000
1542418833.650000,0.000000,0.000000,0.000000,0.000000,0.000000,0.000000,0.000000
1542418833.700000,0.000000,0.000000,0.000000,0.000000,0.000000,0.000000,0.000000
1542418833.750000,0.000000,0.000000,0.000000,0.000000,0.000000,0.000000,0.000000
1542418833.800000,0.000000,0.000000,0.000000,0.000000,0.000000,0.000000,0.000000
1542418833.850000,0.000000,0.000000,0.000000,0.000000,0.000000,0.000000,0.000000
1542418833.900000,0.000000,0.000000,0.000000,0.000000,0.000000,0.000000,0.000000
1542418833.950000,0.000000,0.000000,0.000000,0.000000,0.000000,0.000000,0.000000
1542418834.000000,0.000000,0.000000,0.000000,0.000000,0.000000,0.000000,0.000000
1542418834.050000,0.000000,0.000000,0.000000,0.000000,0.000000,0.000000,0.000000
1542418834.100000,0.000000,0.000000,0.000000,0.000000,0.000000,0.000000,0.000000
1542418834.150000,0.000000,0.000000,0.000000,0.000000,0.000000,0.000000,0.000000
1542418834.200000,0.000000,0.000000,0.000000,0.000000,0.000000,0.000000,0.000000
1542418834.250000,0.000000,0.000000,0.000000,0.000000,0.000000,0.000000,0.000000
1542418834.300000,0.000000,0.000000,0.000000,0.000000,0.000000,0.000000,0.000000
1542418834.350000,0.000000,0.000000,0.000000,0.000000,0.000000,0.000000,0.000000
1542418834.400000,0.000000,0.000000,0.000000,0.000000,0.000000,0.000000,0.000000
1542418834.450000,0.000000,0.000000,0.000000,0.000000,0.000000,0.000000,0.000000
1542418834.500000,0.000000,0.000000,0.000000,0.000000,0.000000,0.000000,0.000000
1542418834.550000,0.000000,0.000000,0.000000,0.000000,0.000000,0.000000,0.000000
1542418834.600000,0.000000,0.000000,0.000000,0.000000,0.000000,0.000000,0.000000
1542418834.650000,0.000000,0.000000,0.000000,0.000000,0.000000,0.000000,0.000000
1542418834.700000,0.000000,0.000000,0.000000,0.000000,0.000000,0.000000,0.000000
1542418834.750000,0.000000,0.000000,0.000000,0.000000,0.000000,0.000000,0.000000
1542418834.800000,0.000000,0.000000,0.000000,0.000000,0.000000,0.000000,0.000000
1542418834.850000,0.000000,0.000000,0.000000,0.000000,0.000000,0.000000,0.000000
1542418834.900000,0.000000,0.000000,0.000000,0.000000,0.000000,0.000000,0.000000
1542418834.950000,0.000000,0.000000,0.000000,0.000000,0.000000,0.000000,0.000000
1542418835.000000,0.000000,0.000000,0.000000,0.000000,0.000000,0.000000,0.000000
1542418835.050000,0.000000,0.000000,0.000000,0.000000,0.000000,0.000000,0.000000
1542418835.100000,0.000000,0.000000,0.000000,0.000000,0.000000,0.000000,0.000000
1542418835.150000,0.000000,0.000000,0.000000,0.000000,0.000000,0.000000,0.000000
1542418835.200000,0.000000,0.000000,0.000000,0.000000,0.000000,0.000000,0.000000
1542418835.250000,0.000000,0.000000,0.000000,0.000000,0.000000,0.000000,0.000000
1542418835.300000,0.000000,0.000000,0.000000,0.000000,0.000000,0.000000,0.000000
1542418835.350000,0.000000,0.000000,0.000000,0.000000,0.000000,0.000000,0.000000
1542418835.400000,0.000000,0.000000,0.000000,0.000000,0.000000,0.000000,0.000000
1542418835.450000,0.000000,0.000000,0.000000,0.000000,0.000000,0.000000,0.000000
1542418835.500000,0.000000,0.000000,0.000000,0.000000,0.000000,0.000000,0.000000
1542418835.550000,0.000000,0.000000,0.000000,0.000000,0.000000,0.000000,0.000000
1542418835.600000,0.000000,0.000000,0.000000,0.000000,0.000000,0.000000,0.000000
1542418835.650000,0.000000,0.000000,0.000000,0.000000,0.000000,0.000000,0.000000
1542418835.700000,0.000000,0.000000,0.000000,0.000000,0.000000,0.000000,0.000000
1542418835.750000,0.000000,0.000000,0.000000,0.000000,0.000000,0.000000,0.000000
1542418835.800000,0.000000,0.000000,0.000000,0.000000,0.000000,0.000000,0.000000
1542418835.850000,0.000000,0.000000,0.000000,0.000000,0.000000,0.000000,0.000000
1542418835.900000,0.000000,0.000000,0.000000,0.000000,0.000000,0.000000,0.000000
1542418835.950000,0.000000,0.000000,0.000000,0.000000,0.000000,0.000000,0.000000
1542418836.000000,0.000000,0.000000,0.000000,0.000000,0.000000,0.000000,0.000000
1542418836.050000,0.000000,0.000000,0.000000,0.000000,0.000000,0.000000,0.000000
1542418836.100000,0.000000,0.000000,0.000000,0.000000,0.000000,0.000000,0.000000
1542418836.150000,0.000000,0.000000,0.000000,0.000000,0.000000,0.000000,0.000000
1542418836.200000,0.000000,0.000000,0.000000,0.000000,0.000000,0.000000,0.000000
1542418836.250000,0.000000,0.000000,0.000000,0.000000,0.000000,0.000000,0.000000
1542418836.300000,0.000000,0.000000,0.000000,0.000000,0.000000,0.000000,0.000000
1542418836.350000,0.000000,0.000000,0.000000,0.000000,0.000000,0.000000,0.000000
1542418836.400000,0.000000,0.000000,0.000000,0.000000,0.000000,0.000000,0.000000
1542418836.450000,0.000000,0.000000,0.000000,0.000000,0.000000,0.000000,0.000000
1542418836.500000,0.000000,0.000000,0.000000,0.000000,0.000000,0.000000,0.000000
1542418836.550000,0.000000,0.000000,0.000000,0.000000,0.000000,0.000000,0.000000
1542418836.600000,0.000000,0.000000,0.000000,0.000000,0.000000,0.000000,0.000000
1542418836.650000,0.000000,0.000000,0.000000,0.000000,0.000000,0.000000,0.000000
1542418836.700000,0.000000,0.000000,0.000000,0.000000,0.000000,0.000000,0.000000
1542418836.750000,0.000000,0.000000,0.000000,0.000000,0.000000,0.000000,0.000000
1542418836.800000,0.000000,0.000000,0.000000,0.000000,0.000000,0.000000,0.000000
1542418836.850000,0.000000,0.000000,0.000000,0.000000,0.000000,0.000000,0.000000
1542418836.900000,0.000000,0.000000,0.000000,0.000000,0.000000,0.000000,0.000000
1542418836.950000,0.000000,0.000000,0.000000,0.000000,0.000000,0.000000,0.000000
1542418837.000000,0.000000,0.000000,0.000000,0.000000,0.000000,0.000000,0.000000
1542418837.050000,0.000000,0.000000,0.000000,0.000000,0.000000,0.000000,0.000000
1542418837.100000,0.000000,0.000000,0.000000,0.000000,0.000000,0.000000,0.000000
1542418837.150000,0.000000,0.000000,0.000000,0.000000,0.000000,0.000000,0.000000
1542418837.200000,0.000000,0.000000,0.000000,0.000000,0.000000,0.000000,0.000000
1542418837.250000,0.000000,0.000000,0.000000,0.000000,0.000000,0.000000,0.000000
1542418837.300000,0.000000,0.000000,0.000000,0.000000,0.000000,0.000000,0.000000
1542418837.350000,0.000000,0.000000,0.000000,0.000000,0.000000,0.000000,0.000000
1542418837.400000,0.000000,0.000000,0.000000,0.000000,0.000000,0.000000,0.000000
1542418837.450000,0.000000,0.000000,0.000000,0.000000,0.000000,0.000000,0.000000
1542418837.500000,0.000000,0.000000,0.000000,0.000000,0.000000,0.000000,0.000000
1542418837.550000,0.000000,0.000000,0.000000,0.000000,0.000000,0.000000,0.000000
1542418837.600000,0.000000,0.000000,0.000000,0.000000,0.000000,0.000000,0.000000
1542418837.650000,0.000000,0.000000,0.000000,0.000000,0.000000,0.000000,0.000000
1542418837.700000,0.000000,0.000000,0.000000,0.000000,0.000000,0.000000,0.000000
1542418837.750000,0.000000,0.000000,0.000000,0.000000,0.000000,0.000000,0.000000
1542418837.800000,0.000000,0.000000,0.000000,0.000000,0.000000,0.000000,0.000000
1542418837.850000,0.000000,0.000000,0.000000,0.000000,0.000000,0.000000,0.000000
1542418837.900000,0.000000,0.000000,0.000000,0.000000,0.000000,0.000000,0.000000
1542418837.950000,0.000000,0.000000,0.000000,0.000000,0.000000,0.000000,0.000000
1542418838.000000,0.000000,0.000000,0.000000,0.000000,0.000000,0.000000,0.000000
1542418838.050000,0.000000,0.000000,0.000000,0.000000,0.000000,0.000000,0.000000
1542418838.100000,0.000000,0.000000,0.000000,0.000000,0.000000,0.000000,0.000000
1542418838.150000,0.000000,0.000000,0.000000,0.000000,0.000000,0.000000,0.000000
1542418838.200000,0.000000,0.000000,0.000000,0.000000,0.000000,0.000000,0.000000
1542418838.250000,0.000000,0.000000,0.000000,0.000000,0.000000,0.000000,0.000000
1542418838.300000,0.000000,0.000000,0.000000,0.000000,0.000000,0.000000,0.000000
1542418838.350000,0.000000,0.000000,0.000000,0.000000,0.000000,0.000000,0.000000
1542418838.400000,0.000000,0.000000,0.000000,0.000000,0.000000,0.000000,0.000000
1542418838.450000,0.000000,0.000000,0.000000,0.000000,0.000000,0.000000,0.000000
1542418838.500000,0.000000,0.000000,0.000000,0.000000,0.000000,0.000000,0.000000
1542418838.550000,0.000000,0.000000,0.000000,0.000000,0.000000,0.000000,0.000000
1542418838.600000,0.000000,0.000000,0.000000,0.000000,0.000000,0.000000,0.000000
1542418838.650000,0.000000,0.000000,0.000000,0.000000,0.000000,0.000000,0.000000
1542418838.700000,0.000000,0.000000,0.000000,0.000000,0.000000,0.000000,0.000000
1542418838.750000,0.000000,0.000000,0.000000,0.000000,0.000000,0.000000,0.000000
1542418838.800000,0.000000,0.000000,0.000000,0.000000,0.000000,0.000000,0.000000
1542418838.850000,0.000000,0.000000,0.000000,0.000000,0.000000,0.000000,0.000000
1542418838.900000,0.000000,0.000000,0.000000,0.000000,0.000000,0.000000,0.000000
1542418838.950000,0.000000,0.000000,0.000000,0.000000,0.000000,0.000000,0.000000
1542418839.000000,0.000000,0.000000,0.000000,0.000000,0.000000,0.000000,0.000000
1542418839.050000,0.000000,0.000000,0.000000,0.000000,0.000000,0.000000,0.000000
1542418839.100000,0.000000,0.000000,0.000000,0.000000,0.000000,0.000000,0.000000
1542418839.150000,0.000000,0.000000,0.000000,0.000000,0.000000,0.000000,0.000000
1542418839.200000,0.000000,0.000000,0.000000,0.000000,0.000000,0.000000,0.000000
1542418839.250000,0.000000,0.000000,0.000000,0.000000,0.000000,0.000000,0.000000
1542418839.300000,0.000000,0.000000,0.000000,0.000000,0.000000,0.000000,0.000000
1542418839.350000,0.000000,0.000000,0.000000,0.000000,0.000000,0.000000,0.000000
1542418839.400000,0.000000,0.000000,0.000000,0.000000,0.000000,0.000000,0.000000
1542418839.450000,0.000000,0.000000,0.000000,0.000000,0.000000,0.000000,0.000000
1542418839.500000,0.000000,0.000000,0.000000,0.000000,0.000000,0.000000,0.000000
1542418839.550000,0.000000,0.000000,0.000000,0.000000,0.000000,0.000000,0.000000
1542418839.600000,0.000000,0.000000,0.000000,0.000000,0.000000,0.000000,0.000000
1542418839.650000,0.000000,0.000000,0.000000,0.000000,0.000000,0.000000,0.000000
1542418839.700000,0.000000,0.000000,0.000000,0.000000,0.000000,0.000000,0.000000
1542418839.750000,0.000000,0.000000,0.000000,0.000000,0.000000,0.000000,0.000000
1542418839.800000,0.000000,0.000000,0.000000,0.000000,0.000000,0.000000,0.000000
1542418839.850000,0.000000,0.000000,0.000000,0.000000,0.000000,0.000000,0.000000
1542418839.900000,0.000000,0.000000,0.000000,0.000000,0.000000,0.000000,0.000000
1542418839.950000,0.000000,0.000000,0.000000,0.000000,0.000000,0.000000,0.000000
1542418840.000000,0.000000,0.000000,0.000000,0.000000,0.000000,0.000000,0.000000
1542418840.050000,0.000000,0.000000,0.000000,0.000000,0.000000,0.000000,0.000000
1542418840.100000,0.000000,0.000000,0.000000,0.000000,0.000000,0.000000,0.000000
1542418840.150000,0.000000,0.000000,0.000000,0.000000,0.000000,0.000000,0.000000
1542418840.200000,0.000000,0.000000,0.000000,0.000000,0.000000,0.000000,0.000000
1542418840.250000,0.000000,0.000000,0.000000,0.000000,0.000000,0.000000,0.000000
1542418840.300000,0.000000,0.000000,0.000000,0.000000,0.000000,0.000000,0.000000
1542418840.350000,0.000000,0.000000,0.000000,0.000000,0.000000,0.000000,0.000000
1542418840.400000,0.000000,0.000000,0.000000,0.000000,0.000000,0.000000,0.000000
1542418840.450000,0.000000,0.000000,0.000000,0.000000,0.000000,0.000000,0.000000
1542418840.500000,0.000000,0.000000,0.000000,0.000000,0.000000,0.000000,0.000000
1542418840.550000,0.000000,0.000000,0.000000,0.000000,0.000000,0.000000,0.000000
1542418840.600000,0.000000,0.000000,0.000000,0.000000,0.000000,0.000000,0.000000
1542418840.650000,0.000000,0.000000,0.000000,0.000000,0.000000,0.000000,0.000000
1542418840.700000,0.000000,0.000000,0.000000,0.000000,0.000000,0.000000,0.000000
1542418840.750000,0.000000,0.000000,0.000000,0.000000,0.000000,0.000000,0.000000
1542418840.800000,0.000000,0.000000,0.000000,0.000000,0.000000,0.000000,0.000000
1542418840.850000,0.000000,0.000000,0.000000,0.000000,0.000000,0.000000,0.000000
1542418840.900000,0.000000,0.000000,0.000000,0.000000,0.000000,0.000000,0.000000
1542418840.950000,0.000000,0.000000,0.000000,0.000000,0.000000,0.000000,0.000000
1542418841.000000,0.000000,0.000000,0.000000,0.000000,0.000000,0.000000,0.000000
1542418841.050000,0.000000,0.000000,0.000000,0.000000,0.000000,0.000000,0.000000
1542418841.100000,0.000000,0.000000,0.000000,0.000000,0.000000,0.000000,0.000000
1542418841.150000,0.000000,0.000000,0.000000,0.000000,0.000000,0.000000,0.000000
1542418841.200000,0.000000,0.000000,0.000000,0.000000,0.000000,0.000000,0.000000
1542418841.250000,0.000000,0.000000,0.000000,0.000000,0.000000,0.000000,0.000000
1542418841.300000,0.000000,0.000000,0.000000,0.000000,0.000000,0.000000,0.000000
1542418841.350000,0.000000,0.000000,0.000000,0.000000,0.000000,0.000000,0.000000
1542418841.400000,0.000000,0.000000,0.000000,0.000000,0.000000,0.000000,0.000000
1542418841.450000,0.000000,0.000000,0.000000,0.000000,0.000000,0.000000,0.000000
1542418841.500000,0.000000,0.000000,0.000000,0.000000,0.000000,0.000000,0.000000
1542418841.550000,0.000000,0.000000,0.000000,0.000000,0.000000,0.000000,0.000000
1542418841.600000,0.000000,0.000000,0.000000,0.000000,0.000000,0.000000,0.000000
1542418841.650000,0.000000,0.000000,0.000000,0.000000,0.000000,0.000000,0.000000
1542418841.700000,0.000000,0.000000,0.000000,0.000000,0.000000,0.000000,0.000000
1542418841.750000,0.000000,0.000000,0.000000,0.000000,0.000000,0.000000,0.000000
1542418841.800000,0.000000,0.000000,0.000000,0.000000,0.000000,0.000000,0.000000
1542418841.850000,0.000000,0.000000,0.000000,0.000000,0.000000,0.000000,0.000000
1542418841.900000,0.000000,0.000000,0.000000,0.000000,0.000000,0.000000,0.000000
1542418841.950000,0.000000,0.000000,0.000000,0.000000,0.000000,0.000000,0.000000
1542418842.000000,0.000000,0.000000,0.000000,0.000000,0.000000,0.000000,0.000000
1542418842.050000,0.000000,0.000000,0.000000,0.000000,0.000000,0.000000,0.000000
1542418842.100000,0.000000,0.000000,0.000000,0.000000,0.000000,0.000000,0.000000
1542418842.150000,0.000000,0.000000,0.000000,0.000000,0.000000,0.000000,0.000000
1542418842.200000,0.000000,0.000000,0.000000,0.000000,0.000000,0.000000,0.000000
1542418842.250000,0.000000,0.000000,0.000000,0.000000,0.000000,0.000000,0.000000
1542418842.300000,0.000000,0.000000,0.000000,0.000000,0.000000,0.000000,0.000000
1542418842.350000,0.000000,0.000000,0.000000,0.000000,0.000000,0.000000,0.000000
1542418842.400000,0.000000,0.000000,0.000000,0.000000,0.000000,0.000000,0.000000
1542418842.450000,0.000000,0.000000,0.000000,0.000000,0.000000,0.000000,0.000000
1542418842.500000,0.000000,0.000000,0.000000,0.000000,0.000000,0.000000,0.000000
1542418842.550000,0.000000,0.000000,0.000000,0.000000,0.000000,0.000000,0.000000
1542418842.600000,0.000000,0.000000,0.000000,0.000000,0.000000,0.000000,0.000000
1542418842.650000,0.000000,0.000000,0.000000,0.000000,0.000000,0.000000,0.000000
1542418842.700000,0.000000,0.000000,0.000000,0.000000,0.000000,0.000000,0.000000
1542418842.750000,0.000000,0.000000,0.000000,0.000000,0.000000,0.000000,0.000000
1542418842.800000,0.000000,0.000000,0.000000,0.000000,0.000000,0.000000,0.000000
1542418842.850000,0.000000,0.000000,0.000000,0.000000,0.000000,0.000000,0.000000
1542418842.900000,0.000000,0.000000,0.000000,0.000000,0.000000,0.000000,0.000000
1542418842.950000,0.000000,0.000000,0.000000,0.000000,0.000000,0.000000,0.000000
1542418843.000000,0.000000,0.000000,0.000000,0.000000,0.000000,0.000000,0.000000
1542418843.050000,0.000000,0.000000,0.000000,0.000000,0.000000,0.000000,0.000000
1542418843.100000,0.000000,0.000000,0.000000,0.000000,0.000000,0.000000,0.000000
1542418843.150000,0.000000,0.000000,0.000000,0.000000,0.000000,0.000000,0.000000
1542418843.200000,0.000000,0.000000,0.000000,0.000000,0.000000,0.000000,0.000000
1542418843.250000,0.000000,0.000000,0.000000,0.000000,0.000000,0.000000,0.000000
1542418843.300000,0.000000,0.000000,0.000000,0.000000,0.000000,0.000000,0.000000
1542418843.350000,0.000000,0.000000,0.000000,0.000000,0.000000,0.000000,0.000000
1542418843.400000,0.000000,0.000000,0.000000,0.000000,0.000000,0.000000,0.000000
1542418843.450000,0.000000,0.000000,0.000000,0.000000,0.000000,0.000000,0.000000
1542418843.500000,0.000000,0.000000,0.000000,0.000000,0.000000,0.000000,0.000000
1542418843.550000,0.000000,0.000000,0.000000,0.000000,0.000000,0.000000,0.000000
1542418843.600000,0.000000,0.000000,0.000000,0.000000,0.000000,0.000000,0.000000
1542418843.650000,0.000000,0.000000,0.000000,0.000000,0.000000,0.000000,0.000000
1542418843.700000,0.000000,0.000000,0.000000,0.000000,0.000000,0.000000,0.000000
1542418843.750000,0.000000,0.000000,0.000000,0.000000,0.000000,0.000000,0.000000
1542418843.800000,0.000000,0.000000,0.000000,0.000000,0.000000,0.000000,0.000000
1542418843.850000,0.000000,0.000000,0.000000,0.000000,0.000000,0.000000,0.000000
1542418843.900000,0.000000,0.000000,0.000000,0.000000,0.000000,0.000000,0.000000
1542418843.950000,0.000000,0.000000,0.000000,0.000000,0.000000,0.000000,0.000000
1542418844.000000,0.000000,0.000000,0.000000,0.000000,0.000000,0.000000,0.000000
1542418844.050000,0.000000,0.000000,0.000000,0.000000,0.000000,0.000000,0.000000
1542418844.100000,0.000000,0.000000,0.000000,0.000000,0.000000,0.000000,0.000000
1542418844.150000,0.000000,0.000000,0.000000,0.000000,0.000000,0.000000,0.000000
1542418844.200000,0.000000,0.000000,0.000000,0.000000,0.000000,0.000000,0.000000
1542418844.250000,0.000000,0.000000,0.000000,0.000000,0.000000,0.000000,0.000000
1542418844.300000,0.000000,0.000000,0.000000,0.000000,0.000000,0.000000,0.000000
1542418844.350000,0.000000,0.000000,0.000000,0.000000,0.000000,0.000000,0.000000
1542418844.400000,0.000000,0.000000,0.000000,0.000000,0.000000,0.000000,0.000000
1542418844.450000,0.000000,0.000000,0.000000,0.000000,0.000000,0.000000,0.000000
1542418844.500000,0.000000,0.000000,0.000000,0.000000,0.000000,0.000000,0.000000
1542418844.550000,0.000000,0.000000,0.000000,0.000000,0.000000,0.000000,0.000000
1542418844.600000,0.000000,0.000000,0.000000,0.000000,0.000000,0.000000,0.000000
1542418844.650000,0.000000,0.000000,0.000000,0.000000,0.000000,0.000000,0.000000
1542418844.700000,0.000000,0.000000,0.000000,0.000000,0.000000,0.000000,0.000000
1542418844.750000,0.000000,0.000000,0.000000,0.000000,0.000000,0.000000,0.000000
1542418844.800000,0.000000,0.000000,0.000000,0.000000,0.000000,0.000000,0.000000
1542418844.850000,0.000000,0.000000,0.000000,0.000000,0.000000,0.000000,0.000000
1542418844.900000,0.000000,0.000000,0.000000,0.000000,0.000000,0.000000,0.000000
1542418844.950000,0.000000,0.000000,0.000000,0.000000,0.000000,0.000000,0.000000
1542418845.000000,0.000000,0.000000,0.000000,0.000000,0.000000,0.000000,0.000000
1542418845.050000,0.000000,0.000000,0.000000,0.000000,0.000000,0.000000,0.000000
1542418845.100000,0.000000,0.000000,0.000000,0.000000,0.000000,0.000000,0.000000
1542418845.150000,0.000000,0.000000,0.000000,0.000000,0.000000,0.000000,0.000000
1542418845.200000,0.000000,0.000000,0.000000,0.000000,0.000000,0.000000,0.000000
1542418845.250000,0.000000,0.000000,0.000000,0.000000,0.000000,0.000000,0.000000
1542418845.300000,0.000000,0.000000,0.000000,0.000000,0.000000,0.000000,0.000000
1542418845.350000,0.000000,0.000000,0.000000,0.000000,0.000000,0.000000,0.000000
1542418845.400000,0.000000,0.000000,0.000000,0.000000,0.000000,0.000000,0.000000
1542418845.450000,0.000000,0.000000,0.000000,0.000000,0.000000,0.000000,0.000000
1542418845.500000,0.000000,0.000000,0.000000,0.000000,0.000000,0.000000,0.000000
1542418845.550000,0.000000,0.000000,0.000000,0.000000,0.000000,0.000000,0.000000
1542418845.600000,0.000000,0.000000,0.000000,0.000000,0.000000,0.000000,0.000000
1542418845.650000,0.000000,0.000000,0.000000,0.000000,0.000000,0.000000,0.000000
1542418845.700000,0.000000,0.000000,0.000000,0.000000,0.000000,0.000000,0.000000
1542418845.750000,0.000000,0.000000,0.000000,0.000000,0.000000,0.000000,0.000000
1542418845.800000,0.000000,0.000000,0.000000,0.000000,0.000000,0.000000,0.000000
1542418845.850000,0.000000,0.000000,0.000000,0.000000,0.000000,0.000000,0.000000
1542418845.900000,0.000000,0.000000,0.000000,0.000000,0.000000,0.000000,0.000000
1542418845.950000,0.000000,0.000000,0.000000,0.000000,0.000000,0.000000,0.000000
1542418846.000000,0.000000,0.000000,0.000000,0.000000,0.000000,0.000000,0.000000
1542418846.050000,0.000000,0.000000,0.000000,0.000000,0.000000,0.000000,0.000000
1542418846.100000,0.000000,0.000000,0.000000,0.000000,0.000000,0.000000,0.000000
1542418846.150000,0.000000,0.000000,0.000000,0.000000,0.000000,0.000000,0.000000
1542418846.200000,0.000000,0.000000,0.000000,0.000000,0.000000,0.000000,0.000000
1542418846.250000,0.000000,0.000000,0.000000,0.000000,0.000000,0.000000,0.000000
1542418846.300000,0.000000,0.000000,0.000000,0.000000,0.000000,0.000000,0.000000
1542418846.350000,0.000000,0.000000,0.000000,0.000000,0.000000,0.000000,0.000000
1542418846.400000,0.000000,0.000000,0.000000,0.000000,0.000000,0.000000,0.000000
1542418846.450000,0.000000,0.000000,0.000000,0.000000,0.000000,0.000000,0.000000
1542418846.500000,0.000000,0.000000,0.000000,0.000000,0.000000,0.000000,0.000000
1542418846.550000,0.000000,0.000000,0.000000,0.000000,0.000000,0.000000,0.000000
1542418846.600000,0.000000,0.000000,0.000000,0.000000,0.000000,0.000000,0.000000
1542418846.650000,0.000000,0.000000,0.000000,0.000000,0.000000,0.000000,0.000000
1542418846.700000,0.000000,0.000000,0.000000,0.000000,0.000000,0.000000,0.000000
1542418846.750000,0.000000,0.000000,0.000000,0.000000,0.000000,0.000000,0.000000
1542418846.800000,0.000000,0.000000,0.000000,0.000000,0.000000,0.000000,0.000000
1542418846.850000,0.000000,0.000000,0.000000,0.000000,0.000000,0.000000,0.000000
1542418846.900000,0.000000,0.000000,0.000000,0.000000,0.000000,0.000000,0.000000
1542418846.950000,0.000000,0.000000,0.000000,0.000000,0.000000,0.000000,0.000000
1542418847.000000,0.000000,0.000000,0.000000,0.000000,0.000000,0.000000,0.000000
1542418847.050000,0.000000,0.000000,0.000000,0.000000,0.000000,0.000000,0.000000
1542418847.100000,0.000000,0.000000,0.000000,0.000000,0.000000,0.000000,0.000000
1542418847.150000,0.000000,0.000000,0.000000,0.000000,0.000000,0.000000,0.000000
1542418847.200000,0.000000,0.000000,0.000000,0.000000,0.000000,0.000000,0.000000
1542418847.250000,0.000000,0.000000,0.000000,0.000000,0.000000,0.000000,0.000000
1542418847.300000,0.000000,0.000000,0.000000,0.000000,0.000000,0.000000,0.000000
1542418847.350000,0.000000,0.000000,0.000000,0.000000,0.000000,0.000000,0.000000
1542418847.400000,0.000000,0.000000,0.000000,0.000000,0.000000,0.000000,0.000000
1542418847.450000,0.000000,0.000000,0.000000,0.000000,0.000000,0.000000,0.000000
1542418847.500000,0.000000,0.000000,0.000000,0.000000,0.000000,0.000000,0.000000
1542418847.550000,0.000000,0.000000,0.000000,0.000000,0.000000,0.000000,0.000000
1542418847.600000,0.000000,0.000000,0.000000,0.000000,0.000000,0.000000,0.000000
1542418847.650000,0.000000,0.000000,0.000000,0.000000,0.000000,0.000000,0.000000
1542418847.700000,0.000000,0.000000,0.000000,0.000000,0.000000,0.000000,0.000000
1542418847.750000,0.000000,0.000000,0.000000,0.000000,0.000000,0.000000,0.000000
1542418847.800000,0.000000,0.000000,0.000000,0.000000,0.000000,0.000000,0.000000
1542418847.850000,0.000000,0.000000,0.000000,0.000000,0.000000,0.000000,0.000000
1542418847.900000,0.000000,0.000000,0.000000,0.000000,0.000000,0.000000,0.000000
1542418847.950000,0.000000,0.000000,0.000000,0.000000,0.000000,0.000000,0.000000
1542418848.000000,0.000000,0.000000,0.000000,0.000000,0.000000,0.000000,0.000000
1542418848.050000,0.000000,0.000000,0.000000,0.000000,0.000000,0.000000,0.000000
1542418848.100000,0.000000,0.000000,0.000000,0.000000,0.000000,0.000000,0.000000
1542418848.150000,0.000000,0.000000,0.000000,0.000000,0.000000,0.000000,0.000000
1542418848.200000,0.000000,0.000000,0.000000,0.000000,0.000000,0.000000,0.000000
1542418848.250000,0.000000,0.000000,0.000000,0.000000,0.000000,0.000000,0.000000
1542418848.300000,0.000000,0.000000,0.000000,0.000000,0.000000,0.000000,0.000000
1542418848.350000,0.000000,0.000000,0.000000,0.000000,0.000000,0.000000,0.000000
1542418848.400000,0.000000,0.000000,0.000000,0.000000,0.000000,0.000000,0.000000
1542418848.450000,0.000000,0.000000,0.000000,0.000000,0.000000,0.000000,0.000000
1542418848.500000,0.000000,0.000000,0.000000,0.000000,0.000000,0.000000,0.000000
1542418848.550000,0.000000,0.000000,0.000000,0.000000,0.000000,0.000000,0.000000
1542418848.600000,0.000000,0.000000,0.000000,0.000000,0.000000,0.000000,0.000000
1542418848.650000,0.000000,0.000000,0.000000,0.000000,0.000000,0.000000,0.000000
1542418848.700000,0.000000,0.000000,0.000000,0.000000,0.000000,0.000000,0.000000
1542418848.750000,0.000000,0.000000,0.000000,0.000000,0.000000,0.000000,0.000000
1542418848.800000,0.000000,0.000000,0.000000,0.000000,0.000000,0.000000,0.000000
1542418848.850000,0.000000,0.000000,0.000000,0.000000,0.000000,0.000000,0.000000
1542418848.900000,0.000000,0.000000,0.000000,0.000000,0.000000,0.000000,0.000000
1542418848.950000,0.000000,0.000000,0.000000,0.000000,0.000000,0.000000,0.000000
1542418849.000000,0.000000,0.000000,0.000000,0.000000,0.000000,0.000000,0.000000
1542418849.050000,0.000000,0.000000,0.000000,0.000000,0.000000,0.000000,0.000000
1542418849.100000,0.000000,0.000000,0.000000,0.000000,0.000000,0.000000,0.000000
1542418849.150000,0.000000,0.000000,0.000000,0.000000,0.000000,0.000000,0.000000
1542418849.200000,0.000000,0.000000,0.000000,0.000000,0.000000,0.000000,0.000000
1542418849.250000,0.000000,0.000000,0.000000,0.000000,0.000000,0.000000,0.000000
1542418849.300000,0.000000,0.000000,0.000000,0.000000,0.000000,0.000000,0.000000
1542418849.350000,0.000000,0.000000,0.000000,0.000000,0.000000,0.000000,0.000000
1542418849.400000,0.000000,0.000000,0.000000,0.000000,0.000000,0.000000,0.000000
1542418849.450000,0.000000,0.000000,0.000000,0.000000,0.000000,0.000000,0.000000
1542418849.500000,0.000000,0.000000,0.000000,0.000000,0.000000,0.000000,0.000000
1542418849.550000,0.000000,0.000000,0.000000,0.000000,0.000000,0.000000,0.000000
1542418849.600000,0.000000,0.000000,0.000000,0.000000,0.000000,0.000000,0.000000
1542418849.650000,0.000000,0.000000,0.000000,0.000000,0.000000,0.000000,0.000000
1542418849.700000,0.000000,0.000000,0.000000,0.000000,0.000000,0.000000,0.000000
1542418849.750000,0.000000,0.000000,0.000000,0.000000,0.000000,0.000000,0.000000
1542418849.800000,0.000000,0.000000,0.000000,0.000000,0.000000,0.000000,0.000000
1542418849.850000,0.000000,0.000000,0.000000,0.000000,0.000000,0.000000,0.000000
1542418849.900000,0.000000,0.000000,0.000000,0.000000,0.000000,0.000000,0.000000
1542418849.950000,0.000000,0.000000,0.000000,0.000000,0.000000,0.000000,0.000000
1542418850.000000,0.000000,0.000000,0.000000,0.000000,0.000000,0.000000,0.000000
1542418850.050000,0.000000,0.000000,0.000000,0.000000,0.000000,0.000000,0.000000
1542418850.100000,0.000000,0.000000,0.000000,0.000000,0.000000,0.000000,0.000000
1542418850.150000,0.000000,0.000000,0.000000,0.000000,0.000000,0.000000,0.000000
1542418850.200000,0.000000,0.000000,0.000000,0.000000,0.000000,0.000000,0.000000
1542418850.250000,0.000000,0.000000,0.000000,0.000000,0.000000,0.000000,0.000000
1542418850.300000,0.000000,0.000000,0.000000,0.000000,0.000000,0.000000,0.000000
1542418850.350000,0.000000,0.000000,0.000000,0.000000,0.000000,0.000000,0.000000
1542418850.400000,0.000000,0.000000,0.000000,0.000000,0.000000,0.000000,0.000000
1542418850.450000,0.000000,0.000000,0.000000,0.000000,0.000000,0.000000,0.000000
1542418850.500000,0.000000,0.000000,0.000000,0.000000,0.000000,0.000000,0.000000
1542418850.550000,0.000000,0.000000,0.000000,0.000000,0.000000,0.000000,0.000000
1542418850.600000,0.000000,0.000000,0.000000,0.000000,0.000000,0.000000,0.000000
1542418850.650000,0.000000,0.000000,0.000000,0.000000,0.000000,0.000000,0.000000
1542418850.700000,0.000000,0.000000,0.000000,0.000000,0.000000,0.000000,0.000000
1542418850.750000,0.000000,0.000000,0.000000,0.000000,0.000000,0.000000,0.000000
1542418850.800000,0.000000,0.000000,0.000000,0.000000,0.000000,0.000000,0.000000
1542418850.850000,0.000000,0.000000,0.000000,0.000000,0.000000,0.000000,0.000000
1542418850.900000,0.000000,0.000000,0.000000,0.000000,0.000000,0.000000,0.000000
1542418850.950000,0.000000,0.000000,0.000000,0.000000,0.000000,0.000000,0.000000
1542418851.000000,0.000000,0.000000,0.000000,0.000000,0.000000,0.000000,0.000000
1542418851.050000,0.000000,0.000000,0.000000,0.000000,0.000000,0.000000,0.000000
1542418851.100000,0.000000,0.000000,0.000000,0.000000,0.000000,0.000000,0.000000
1542418851.150000,0.000000,0.000000,0.000000,0.000000,0.000000,0.000000,0.000000
1542418851.200000,0.000000,0.000000,0.000000,0.000000,0.000000,0.000000,0.000000
1542418851.250000,0.000000,0.000000,0.000000,0.000000,0.000000,0.000000,0.000000
1542418851.300000,0.000000,0.000000,0.000000,0.000000,0.000000,0.000000,0.000000
1542418851.350000,0.000000,0.000000,0.000000,0.000000,0.000000,0.000000,0.000000
1542418851.400000,0.000000,0.000000,0.000000,0.000000,0.000000,0.000000,0.000000
1542418851.450000,0.000000,0.000000,0.000000,0.000000,0.000000,0.000000,0.000000
1542418851.500000,0.000000,0.000000,0.000000,0.000000,0.000000,0.000000,0.000000
1542418851.550000,0.000000,0.000000,0.000000,0.000000,0.000000,0.000000,0.000000
1542418851.600000,0.000000,0.000000,0.000000,0.000000,0.000000,0.000000,0.000000
1542418851.650000,0.000000,0.000000,0.000000,0.000000,0.000000,0.000000,0.000000
1542418851.700000,0.000000,0.000000,0.000000,0.000000,0.000000,0.000000,0.000000
1542418851.750000,0.000000,0.000000,0.000000,0.000000,0.000000,0.000000,0.000000
1542418851.800000,0.000000,0.000000,0.000000,0.000000,0.000000,0.000000,0.000000
1542418851.850000,0.000000,0.000000,0.000000,0.000000,0.000000,0.000000,0.000000
1542418851.900000,0.000000,0.000000,0.000000,0.000000,0.000000,0.000000,0.000000
1542418851.950000,0.000000,0.000000,0.000000,0.000000,0.000000,0.000000,0.000000
1542418852.000000,0.000000,0.000000,0.000000,0.000000,0.000000,0.000000,0.000000
1542418852.050000,0.000000,0.000000,0.000000,0.000000,0.000000,0.000000,0.000000
1542418852.100000,0.000000,0.000000,0.000000,0.000000,0.000000,0.000000,0.000000
1542418852.150000,0.000000,0.000000,0.000000,0.000000,0.000000,0.000000,0.000000
1542418852.200000,0.000000,0.000000,0.000000,0.000000,0.000000,0.000000,0.000000
1542418852.250000,0.000000,0.000000,0.000000,0.000000,0.000000,0.000000,0.000000
1542418852.300000,0.000000,0.000000,0.000000,0.000000,0.000000,0.000000,0.000000
1542418852.350000,0.000000,0.000000,0.000000,0.000000,0.000000,0.000000,0.000000
1542418852.400000,0.000000,0.000000,0.000000,0.000000,0.000000,0.000000,0.000000
1542418852.450000,0.000000,0.000000,0.000000,0.000000,0.000000,0.000000,0.000000
1542418852.500000,0.000000,0.000000,0.000000,0.000000,0.000000,0.000000,0.000000
1542418852.550000,0.000000,0.000000,0.000000,0.000000,0.000000,0.000000,0.000000
1542418852.600000,0.000000,0.000000,0.000000,0.000000,0.000000,0.000000,0.000000
1542418852.650000,0.000000,0.000000,0.000000,0.000000,0.000000,0.000000,0.000000
1542418852.700000,0.000000,0.000000,0.000000,0.000000,0.000000,0.000000,0.000000
1542418852.750000,0.000000,0.000000,0.000000,0.000000,0.000000,0.000000,0.000000
1542418852.800000,0.000000,0.000000,0.000000,0.000000,0.000000,0.000000,0.000000
1542418852.850000,0.000000,0.000000,0.000000,0.000000,0.000000,0.000000,0.000000
1542418852.900000,0.000000,0.000000,0.000000,0.000000,0.000000,0.000000,0.000000
1542418852.950000,0.000000,0.000000,0.000000,0.000000,0.000000,0.000000,0.000000
1542418853.000000,0.000000,0.000000,0.000000,0.000000,0.000000,0.000000,0.000000
1542418853.050000,0.000000,0.000000,0.000000,0.000000,0.000000,0.000000,0.000000
1542418853.100000,0.000000,0.000000,0.000000,0.000000,0.000000,0.000000,0.000000
1542418853.150000,0.000000,0.000000,0.000000,0.000000,0.000000,0.000000,0.000000
1542418853.200000,0.000000,0.000000,0.000000,0.000000,0.000000,0.000000,0.000000
1542418853.250000,0.000000,0.000000,0.000000,0.000000,0.000000,0.000000,0.000000
1542418853.300000,0.000000,0.000000,0.000000,0.000000,0.000000,0.000000,0.000000
1542418853.350000,0.000000,0.000000,0.000000,0.000000,0.000000,0.000000,0.000000
1542418853.400000,0.000000,0.000000,0.000000,0.000000,0.000000,0.000000,0.000000
1542418853.450000,0.000000,0.000000,0.000000,0.000000,0.000000,0.000000,0.000000
1542418853.500000,0.000000,0.000000,0.000000,0.000000,0.000000,0.000000,0.000000
1542418853.550000,0.000000,0.000000,0.000000,0.000000,0.000000,0.000000,0.000000
1542418853.600000,0.000000,0.000000,0.000000,0.000000,0.000000,0.000000,0.000000
1542418853.650000,0.000000,0.000000,0.000000,0.000000,0.000000,0.000000,0.000000
1542418853.700000,0.000000,0.000000,0.000000,0.000000,0.000000,0.000000,0.000000
1542418853.750000,0.000000,0.000000,0.000000,0.000000,0.000000,0.000000,0.000000
1542418853.800000,0.000000,0.000000,0.000000,0.000000,0.000000,0.000000,0.000000
1542418853.850000,0.000000,0.000000,0.000000,0.000000,0.000000,0.000000,0.000000
1542418853.900000,0.000000,0.000000,0.000000,0.000000,0.000000,0.000000,0.000000
1542418853.950000,0.000000,0.000000,0.000000,0.000000,0.000000,0.000000,0.000000
1542418854.000000,0.000000,0.000000,0.000000,0.000000,0.000000,0.000000,0.000000
1542418854.050000,0.000000,0.000000,0.000000,0.000000,0.000000,0.000000,0.000000
1542418854.100000,0.000000,0.000000,0.000000,0.000000,0.000000,0.000000,0.000000
1542418854.150000,0.000000,0.000000,0.000000,0.000000,0.000000,0.000000,0.000000
1542418854.200000,0.000000,0.000000,0.000000,0.000000,0.000000,0.000000,0.000000
1542418854.250000,0.000000,0.000000,0.000000,0.000000,0.000000,0.000000,0.000000
1542418854.300000,0.000000,0.000000,0.000000,0.000000,0.000000,0.000000,0.000000
1542418854.350000,0.000000,0.000000,0.000000,0.000000,0.000000,0.000000,0.000000
1542418854.400000,0.000000,0.000000,0.000000,0.000000,0.000000,0.000000,0.000000
1542418854.450000,0.000000,0.000000,0.000000,0.000000,0.000000,0.000000,0.000000
1542418854.500000,0.000000,0.000000,0.000000,0.000000,0.000000,0.000000,0.000000
1542418854.550000,0.000000,0.000000,0.000000,0.000000,0.000000,0.000000,0.000000
1542418854.600000,0.000000,0.000000,0.000000,0.000000,0.000000,0.000000,0.000000
1542418854.650000,0.000000,0.000000,0.000000,0.000000,0.000000,0.000000,0.000000
1542418854.700000,0.000000,0.000000,0.000000,0.000000,0.000000,0.000000,0.000000
1542418854.750000,0.000000,0.000000,0.000000,0.000000,0.000000,0.000000,0.000000
1542418854.800000,0.000000,0.000000,0.000000,0.000000,0.000000,0.000000,0.000000
1542418854.850000,0.000000,0.000000,0.000000,0.000000,0.000000,0.000000,0.000000
1542418854.900000,0.000000,0.000000,0.000000,0.000000,0.000000,0.000000,0.000000
1542418854.950000,0.000000,0.000000,0.000000,0.000000,0.000000,0.000000,0.000000
1542418855.000000,0.000000,0.000000,0.000000,0.000000,0.000000,0.000000,0.000000
1542418855.050000,0.000000,0.000000,0.000000,0.000000,0.000000,0.000000,0.000000
1542418855.100000,0.000000,0.000000,0.000000,0.000000,0.000000,0.000000,0.000000
1542418855.150000,0.000000,0.000000,0.000000,0.000000,0.000000,0.000000,0.000000
1542418855.200000,0.000000,0.000000,0.000000,0.000000,0.000000,0.000000,0.000000
1542418855.250000,0.000000,0.000000,0.000000,0.000000,0.000000,0.000000,0.000000
1542418855.300000,0.000000,0.000000,0.000000,0.000000,0.000000,0.000000,0.000000
1542418855.350000,0.000000,0.000000,0.000000,0.000000,0.000000,0.000000,0.000000
1542418855.400000,0.000000,0.000000,0.000000,0.000000,0.000000,0.000000,0.000000
1542418855.450000,0.000000,0.000000,0.000000,0.000000,0.000000,0.000000,0.000000
1542418855.500000,0.000000,0.000000,0.000000,0.000000,0.000000,0.000000,0.000000
1542418855.550000,0.000000,0.000000,0.000000,0.000000,0.000000,0.000000,0.000000
1542418855.600000,0.000000,0.000000,0.000000,0.000000,0.000000,0.000000,0.000000
1542418855.650000,0.000000,0.000000,0.000000,0.000000,0.000000,0.000000,0.000000
1542418855.700000,0.000000,0.000000,0.000000,0.000000,0.000000,0.000000,0.000000
1542418855.750000,0.000000,0.000000,0.000000,0.000000,0.000000,0.000000,0.000000
1542418855.800000,0.000000,0.000000,0.000000,0.000000,0.000000,0.000000,0.000000
1542418855.850000,0.000000,0.000000,0.000000,0.000000,0.000000,0.000000,0.000000
1542418855.900000,0.000000,0.000000,0.000000,0.000000,0.000000,0.000000,0.000000
1542418855.950000,0.000000,0.000000,0.000000,0.000000,0.000000,0.000000,0.000000
1542418856.000000,0.000000,0.000000,0.000000,0.000000,0.000000,0.000000,0.000000
1542418856.050000,0.000000,0.000000,0.000000,0.000000,0.000000,0.000000,0.000000
1542418856.100000,0.000000,0.000000,0.000000,0.000000,0.000000,0.000000,0.000000
1542418856.150000,0.000000,0.000000,0.000000,0.000000,0.000000,0.000000,0.000000
1542418856.200000,0.000000,0.000000,0.000000,0.000000,0.000000,0.000000,0.000000
1542418856.250000,0.000000,0.000000,0.000000,0.000000,0.000000,0.000000,0.000000
1542418856.300000,0.000000,0.000000,0.000000,0.000000,0.000000,0.000000,0.000000
1542418856.350000,0.000000,0.000000,0.000000,0.000000,0.000000,0.000000,0.000000
1542418856.400000,0.000000,0.000000,0.000000,0.000000,0.000000,0.000000,0.000000
1542418856.450000,0.000000,0.000000,0.000000,0.000000,0.000000,0.000000,0.000000
1542418856.500000,0.000000,0.000000,0.000000,0.000000,0.000000,0.000000,0.000000
1542418856.550000,0.000000,0.000000,0.000000,0.000000,0.000000,0.000000,0.000000
1542418856.600000,0.000000,0.000000,0.000000,0.000000,0.000000,0.000000,0.000000
1542418856.650000,0.000000,0.000000,0.000000,0.000000,0.000000,0.000000,0.000000
1542418856.700000,0.000000,0.000000,0.000000,0.000000,0.000000,0.000000,0.000000
1542418856.750000,0.000000,0.000000,0.000000,0.000000,0.000000,0.000000,0.000000
1542418856.800000,0.000000,0.000000,0.000000,0.000000,0.000000,0.000000,0.000000
1542418856.850000,0.000000,0.000000,0.000000,0.000000,0.000000,0.000000,0.000000
1542418856.900000,0.000000,0.000000,0.000000,0.000000,0.000000,0.000000,0.000000
1542418856.950000,0.000000,0.000000,0.000000,0.000000,0.000000,0.000000,0.000000
1542418857.000000,0.000000,0.000000,0.000000,0.000000,0.000000,0.000000,0.000000
1542418857.050000,0.000000,0.000000,0.000000,0.000000,0.000000,0.000000,0.000000
1542418857.100000,0.000000,0.000000,0.000000,0.000000,0.000000,0.000000,0.000000
1542418857.150000,0.000000,0.000000,0.000000,0.000000,0.000000,0.000000,0.000000
1542418857.200000,0.000000,0.000000,0.000000,0.000000,0.000000,0.000000,0.000000
1542418857.250000,0.000000,0.000000,0.000000,0.000000,0.000000,0.000000,0.000000
1542418857.300000,0.000000,0.000000,0.000000,0.000000,0.000000,0.000000,0.000000
1542418857.350000,0.000000,0.000000,0.000000,0.000000,0.000000,0.000000,0.000000
1542418857.400000,0.000000,0.000000,0.000000,0.000000,0.000000,0.000000,0.000000
1542418857.450000,0.000000,0.000000,0.000000,0.000000,0.000000,0.000000,0.000000
1542418857.500000,0.000000,0.000000,0.000000,0.000000,0.000000,0.000000,0.000000
1542418857.550000,0.000000,0.000000,0.000000,0.000000,0.000000,0.000000,0.000000
1542418857.600000,0.000000,0.000000,0.000000,0.000000,0.000000,0.000000,0.000000
1542418857.650000,0.000000,0.000000,0.000000,0.000000,0.000000,0.000000,0.000000
1542418857.700000,0.000000,0.000000,0.000000,0.000000,0.000000,0.000000,0.000000
1542418857.750000,0.000000,0.000000,0.000000,0.000000,0.000000,0.000000,0.000000
1542418857.800000,0.000000,0.000000,0.000000,0.000000,0.000000,0.000000,0.000000
1542418857.850000,0.000000,0.000000,0.000000,0.000000,0.000000,0.000000,0.000000
1542418857.900000,0.000000,0.000000,0.000000,0.000000,0.000000,0.000000,0.000000
1542418857.950000,0.000000,0.000000,0.000000,0.000000,0.000000,0.000000,0.000000
1542418858.000000,0.000000,0.000000,0.000000,0.000000,0.000000,0.000000,0.000000
1542418858.050000,0.000000,0.000000,0.000000,0.000000,0.000000,0.000000,0.000000
1542418858.100000,0.000000,0.000000,0.000000,0.000000,0.000000,0.000000,0.000000
1542418858.150000,0.000000,0.000000,0.000000,0.000000,0.000000,0.000000,0.000000
1542418858.200000,0.000000,0.000000,0.000000,0.000000,0.000000,0.000000,0.000000
1542418858.250000,0.000000,0.000000,0.000000,0.000000,0.000000,0.000000,0.000000
1542418858.300000,0.000000,0.000000,0.000000,0.000000,0.000000,0.000000,0.000000
1542418858.350000,0.000000,0.000000,0.000000,0.000000,0.000000,0.000000,0.000000
1542418858.400000,0.000000,0.000000,0.000000,0.000000,0.000000,0.000000,0.000000
1542418858.450000,0.000000,0.000000,0.000000,0.000000,0.000000,0.000000,0.000000
1542418858.500000,0.000000,0.000000,0.000000,0.000000,0.000000,0.000000,0.000000
1542418858.550000,0.000000,0.000000,0.000000,0.000000,0.000000,0.000000,0.000000
1542418858.600000,0.000000,0.000000,0.000000,0.000000,0.000000,0.000000,0.000000
1542418858.650000,0.000000,0.000000,0.000000,0.000000,0.000000,0.000000,0.000000
1542418858.700000,0.000000,0.000000,0.000000,0.000000,0.000000,0.000000,0.000000
1542418858.750000,0.000000,0.000000,0.000000,0.000000,0.000000,0.000000,0.000000
1542418858.800000,0.000000,0.000000,0.000000,0.000000,0.000000,0.000000,0.000000
1542418858.850000,0.000000,0.000000,0.000000,0.000000,0.000000,0.000000,0.000000
1542418858.900000,0.000000,0.000000,0.000000,0.000000,0.000000,0.000000,0.000000
1542418858.950000,0.000000,0.000000,0.000000,0.000000,0.000000,0.000000,0.000000
1542418859.000000,0.000000,0.000000,0.000000,0.000000,0.000000,0.000000,0.000000
1542418859.050000,0.000000,0.000000,0.000000,0.000000,0.000000,0.000000,0.000000
1542418859.100000,0.000000,0.000000,0.000000,0.000000,0.000000,0.000000,0.000000
1542418859.150000,0.000000,0.000000,0.000000,0.000000,0.000000,0.000000,0.000000
1542418859.200000,0.000000,0.000000,0.000000,0.000000,0.000000,0.000000,0.000000
1542418859.250000,0.000000,0.000000,0.000000,0.000000,0.000000,0.000000,0.000000
1542418859.300000,0.000000,0.000000,0.000000,0.000000,0.000000,0.000000,0.000000
1542418859.350000,0.000000,0.000000,0.000000,0.000000,0.000000,0.000000,0.000000
1542418859.400000,0.000000,0.000000,0.000000,0.000000,0.000000,0.000000,0.000000
1542418859.450000,0.000000,0.000000,0.000000,0.000000,0.000000,0.000000,0.000000
1542418859.500000,0.000000,0.000000,0.000000,0.000000,0.000000,0.000000,0.000000
1542418859.550000,0.000000,0.000000,0.000000,0.000000,0.000000,0.000000,0.000000
1542418859.600000,0.000000,0.000000,0.000000,0.000000,0.000000,0.000000,0.000000
1542418859.650000,0.000000,0.000000,0.000000,0.000000,0.000000,0.000000,0.000000
1542418859.700000,0.000000,0.000000,0.000000,0.000000,0.000000,0.000000,0.000000
1542418859.750000,0.000000,0.000000,0.000000,0.000000,0.000000,0.000000,0.000000
1542418859.800000,0.000000,0.000000,0.000000,0.000000,0.000000,0.000000,0.000000
1542418859.850000,0.000000,0.000000,0.000000,0.000000,0.000000,0.000000,0.000000
1542418859.900000,0.000000,0.000000,0.000000,0.000000,0.000000,0.000000,0.000000
1542418859.950000,0.000000,0.000000,0.000000,0.000000,0.000000,0.000000,0.000000
1542418860.000000,0.000000,0.000000,0.000000,0.000000,0.000000,0.000000,0.000000
1542418860.050000,0.000000,0.000000,0.000000,0.000000,0.000000,0.000000,0.000000
1542418860.100000,0.000000,0.000000,0.000000,0.000000,0.000000,0.000000,0.000000
1542418860.150000,0.000000,0.000000,0.000000,0.000000,0.000000,0.000000,0.000000
1542418860.200000,0.000000,0.000000,0.000000,0.000000,0.000000,0.000000,0.000000
1542418860.250000,0.000000,0.000000,0.000000,0.000000,0.000000,0.000000,0.000000
1542418860.300000,0.000000,0.000000,0.000000,0.000000,0.000000,0.000000,0.000000
1542418860.350000,0.000000,0.000000,0.000000,0.000000,0.000000,0.000000,0.000000
1542418860.400000,0.000000,0.000000,0.000000,0.000000,0.000000,0.000000,0.000000
1542418860.450000,0.000000,0.000000,0.000000,0.000000,0.000000,0.000000,0.000000
1542418860.500000,0.000000,0.000000,0.000000,0.000000,0.000000,0.000000,0.000000
1542418860.550000,0.000000,0.000000,0.000000,0.000000,0.000000,0.000000,0.000000
1542418860.600000,0.000000,0.000000,0.000000,0.000000,0.000000,0.000000,0.000000
1542418860.650000,0.000000,0.000000,0.000000,0.000000,0.000000,0.000000,0.000000
1542418860.700000,0.000000,0.000000,0.000000,0.000000,0.000000,0.000000,0.000000
1542418860.750000,0.000000,0.000000,0.000000,0.000000,0.000000,0.000000,0.000000
1542418860.800000,0.000000,0.000000,0.000000,0.000000,0.000000,0.000000,0.000000
1542418860.850000,0.000000,0.000000,0.000000,0.000000,0.000000,0.000000,0.000000
1542418860.900000,0.000000,0.000000,0.000000,0.000000,0.000000,0.000000,0.000000
1542418860.950000,0.000000,0.000000,0.000000,0.000000,0.000000,0.000000,0.000000
1542418861.000000,0.000000,0.000000,0.000000,0.000000,0.000000,0.000000,0.000000
1542418861.050000,0.000000,0.000000,0.000000,0.000000,0.000000,0.000000,0.000000
1542418861.100000,0.000000,0.000000,0.000000,0.000000,0.000000,0.000000,0.000000
1542418861.150000,0.000000,0.000000,0.000000,0.000000,0.000000,0.000000,0.000000
1542418861.200000,0.000000,0.000000,0.000000,0.000000,0.000000,0.000000,0.000000
1542418861.250000,0.000000,0.000000,0.000000,0.000000,0.000000,0.000000,0.000000
1542418861.300000,0.000000,0.000000,0.000000,0.000000,0.000000,0.000000,0.000000
1542418861.350000,0.000000,0.000000,0.000000,0.000000,0.000000,0.000000,0.000000
1542418861.400000,0.000000,0.000000,0.000000,0.000000,0.000000,0.000000,0.000000
1542418861.450000,0.000000,0.000000,0.000000,0.000000,0.000000,0.000000,0.000000
1542418861.500000,0.000000,0.000000,0.000000,0.000000,0.000000,0.000000,0.000000
1542418861.550000,0.000000,0.000000,0.000000,0.000000,0.000000,0.000000,0.000000
1542418861.600000,0.000000,0.000000,0.000000,0.000000,0.000000,0.000000,0.000000
1542418861.650000,0.000000,0.000000,0.000000,0.000000,0.000000,0.000000,0.000000
1542418861.700000,0.000000,0.000000,0.000000,0.000000,0.000000,0.000000,0.000000
1542418861.750000,0.000000,0.000000,0.000000,0.000000,0.000000,0.000000,0.000000
1542418861.800000,0.000000,0.000000,0.000000,0.000000,0.000000,0.000000,0.000000
1542418861.850000,0.000000,0.000000,0.000000,0.000000,0.000000,0.000000,0.000000
1542418861.900000,0.000000,0.000000,0.000000,0.000000,0.000000,0.000000,0.000000
1542418861.950000,0.000000,0.000000,0.000000,0.000000,0.000000,0.000000,0.000000
1542418862.000000,0.000000,0.000000,0.000000,0.000000,0.000000,0.000000,0.000000
1542418862.050000,0.000000,0.000000,0.000000,0.000000,0.000000,0.000000,0.000000
1542418862.100000,0.000000,0.000000,0.000000,0.000000,0.000000,0.000000,0.000000
1542418862.150000,0.000000,0.000000,0.000000,0.000000,0.000000,0.000000,0.000000
1542418862.200000,0.000000,0.000000,0.000000,0.000000,0.000000,0.000000,0.000000
1542418862.250000,0.000000,0.000000,0.000000,0.000000,0.000000,0.000000,0.000000
1542418862.300000,0.000000,0.000000,0.000000,0.000000,0.000000,0.000000,0.000000
1542418862.350000,0.000000,0.000000,0.000000,0.000000,0.000000,0.000000,0.000000
1542418862.400000,0.000000,0.000000,0.000000,0.000000,0.000000,0.000000,0.000000
1542418862.450000,0.000000,0.000000,0.000000,0.000000,0.000000,0.000000,0.000000
1542418862.500000,0.000000,0.000000,0.000000,0.000000,0.000000,0.000000,0.000000
1542418862.550000,0.000000,0.000000,0.000000,0.000000,0.000000,0.000000,0.000000
1542418862.600000,0.000000,0.000000,0.000000,0.000000,0.000000,0.000000,0.000000
1542418862.650000,0.000000,0.000000,0.000000,0.000000,0.000000,0.000000,0.000000
1542418862.700000,0.000000,0.000000,0.000000,0.000000,0.000000,0.000000,0.000000
1542418862.750000,0.000000,0.000000,0.000000,0.000000,0.000000,0.000000,0.000000
1542418862.800000,0.000000,0.000000,0.000000,0.000000,0.000000,0.000000,0.000000
1542418862.850000,0.000000,0.000000,0.000000,0.000000,0.000000,0.000000,0.000000
1542418862.900000,0.000000,0.000000,0.000000,0.000000,0.000000,0.000000,0.000000
1542418862.950000,0.000000,0.000000,0.000000,0.000000,0.000000,0.000000,0.000000
1542418863.000000,0.000000,0.000000,0.000000,0.000000,0.000000,0.000000,0.000000
1542418863.050000,0.000000,0.000000,0.000000,0.000000,0.000000,0.000000,0.000000
1542418863.100000,0.000000,0.000000,0.000000,0.000000,0.000000,0.000000,0.000000
1542418863.150000,0.000000,0.000000,0.000000,0.000000,0.000000,0.000000,0.000000
1542418863.200000,0.000000,0.000000,0.000000,0.000000,0.000000,0.000000,0.000000
1542418863.250000,0.000000,0.000000,0.000000,0.000000,0.000000,0.000000,0.000000
1542418863.300000,0.000000,0.000000,0.000000,0.000000,0.000000,0.000000,0.000000
1542418863.350000,0.000000,0.000000,0.000000,0.000000,0.000000,0.000000,0.000000
1542418863.400000,0.000000,0.000000,0.000000,0.000000,0.000000,0.000000,0.000000
1542418863.450000,0.000000,0.000000,0.000000,0.000000,0.000000,0.000000,0.000000
1542418863.500000,0.000000,0.000000,0.000000,0.000000,0.000000,0.000000,0.000000
1542418863.550000,0.000000,0.000000,0.000000,0.000000,0.000000,0.000000,0.000000
1542418863.600000,0.000000,0.000000,0.000000,0.000000,0.000000,0.000000,0.000000
1542418863.650000,0.000000,0.000000,0.000000,0.000000,0.000000,0.000000,0.000000
1542418863.700000,0.000000,0.000000,0.000000,0.000000,0.000000,0.000000,0.000000
1542418863.750000,0.000000,0.000000,0.000000,0.000000,0.000000,0.000000,0.000000
1542418863.800000,0.000000,0.000000,0.000000,0.000000,0.000000,0.000000,0.000000
1542418863.850000,0.000000,0.000000,0.000000,0.000000,0.000000,0.000000,0.000000
1542418863.900000,0.000000,0.000000,0.000000,0.000000,0.000000,0.000000,0.000000
1542418863.950000,0.000000,0.000000,0.000000,0.000000,0.000000,0.000000,0.000000
1542418864.000000,0.000000,0.000000,0.000000,0.000000,0.000000,0.000000,0.000000
1542418864.050000,0.000000,0.000000,0.000000,0.000000,0.000000,0.000000,0.000000
1542418864.100000,0.000000,0.000000,0.000000,0.000000,0.000000,0.000000,0.000000
1542418864.150000,0.000000,0.000000,0.000000,0.000000,0.000000,0.000000,0.000000
1542418864.200000,0.000000,0.000000,0.000000,0.000000,0.000000,0.000000,0.000000
1542418864.250000,0.000000,0.000000,0.000000,0.000000,0.000000,0.000000,0.000000
1542418864.300000,0.000000,0.000000,0.000000,0.000000,0.000000,0.000000,0.000000
1542418864.350000,0.000000,0.000000,0.000000,0.000000,0.000000,0.000000,0.000000
1542418864.400000,0.000000,0.000000,0.000000,0.000000,0.000000,0.000000,0.000000
1542418864.450000,0.000000,0.000000,0.000000,0.000000,0.000000,0.000000,0.000000
1542418864.500000,0.000000,0.000000,0.000000,0.000000,0.000000,0.000000,0.000000
1542418864.550000,0.000000,0.000000,0.000000,0.000000,0.000000,0.000000,0.000000
1542418864.600000,0.000000,0.000000,0.000000,0.000000,0.000000,0.000000,0.000000
1542418864.650000,0.000000,0.000000,0.000000,0.000000,0.000000,0.000000,0.000000
1542418864.700000,0.000000,0.000000,0.000000,0.000000,0.000000,0.000000,0.000000
1542418864.750000,0.000000,0.000000,0.000000,0.000000,0.000000,0.000000,0.000000
1542418864.800000,0.000000,0.000000,0.000000,0.000000,0.000000,0.000000,0.000000
1542418864.850000,0.000000,0.000000,0.000000,0.000000,0.000000,0.000000,0.000000
1542418864.900000,0.000000,0.000000,0.000000,0.000000,0.000000,0.000000,0.000000
1542418864.950000,0.000000,0.000000,0.000000,0.000000,0.000000,0.000000,0.000000
1542418865.000000,0.000000,0.000000,0.000000,0.000000,0.000000,0.000000,0.000000
1542418865.050000,0.000000,0.000000,0.000000,0.000000,0.000000,0.000000,0.000000
1542418865.100000,0.000000,0.000000,0.000000,0.000000,0.000000,0.000000,0.000000
1542418865.150000,0.000000,0.000000,0.000000,0.000000,0.000000,0.000000,0.000000
1542418865.200000,0.000000,0.000000,0.000000,0.000000,0.000000,0.000000,0.000000
1542418865.250000,0.000000,0.000000,0.000000,0.000000,0.000000,0.000000,0.000000
1542418865.300000,0.000000,0.000000,0.000000,0.000000,0.000000,0.000000,0.000000
1542418865.350000,0.000000,0.000000,0.000000,0.000000,0.000000,0.000000,0.000000
1542418865.400000,0.000000,0.000000,0.000000,0.000000,0.000000,0.000000,0.000000
1542418865.450000,0.000000,0.000000,0.000000,0.000000,0.000000,0.000000,0.000000
1542418865.500000,0.000000,0.000000,0.000000,0.000000,0.000000,0.000000,0.000000
1542418865.550000,0.000000,0.000000,0.000000,0.000000,0.000000,0.000000,0.000000
1542418865.600000,0.000000,0.000000,0.000000,0.000000,0.000000,0.000000,0.000000
1542418865.650000,0.000000,0.000000,0.000000,0.000000,0.000000,0.000000,0.000000
1542418865.700000,0.000000,0.000000,0.000000,0.000000,0.000000,0.000000,0.000000
1542418865.750000,0.000000,0.000000,0.000000,0.000000,0.000000,0.000000,0.000000
1542418865.800000,0.000000,0.000000,0.000000,0.000000,0.000000,0.000000,0.000000
1542418865.850000,0.000000,0.000000,0.000000,0.000000,0.000000,0.000000,0.000000
1542418865.900000,0.000000,0.000000,0.000000,0.000000,0.000000,0.000000,0.000000
1542418865.950000,0.000000,0.000000,0.000000,0.000000,0.000000,0.000000,0.000000
1542418866.000000,0.000000,0.000000,0.000000,0.000000,0.000000,0.000000,0.000000
1542418866.050000,0.000000,0.000000,0.000000,0.000000,0.000000,0.000000,0.000000
1542418866.100000,0.000000,0.000000,0.000000,0.000000,0.000000,0.000000,0.000000
1542418866.150000,0.000000,0.000000,0.000000,0.000000,0.000000,0.000000,0.000000
1542418866.200000,0.000000,0.000000,0.000000,0.000000,0.000000,0.000000,0.000000
1542418866.250000,0.000000,0.000000,0.000000,0.000000,0.000000,0.000000,0.000000
1542418866.300000,0.000000,0.000000,0.000000,0.000000,0.000000,0.000000,0.000000
1542418866.350000,0.000000,0.000000,0.000000,0.000000,0.000000,0.000000,0.000000
1542418866.400000,0.000000,0.000000,0.000000,0.000000,0.000000,0.000000,0.000000
1542418866.450000,0.000000,0.000000,0.000000,0.000000,0.000000,0.000000,0.000000
1542418866.500000,0.000000,0.000000,0.000000,0.000000,0.000000,0.000000,0.000000
1542418866.550000,0.000000,0.000000,0.000000,0.000000,0.000000,0.000000,0.000000
1542418866.600000,0.000000,0.000000,0.000000,0.000000,0.000000,0.000000,0.000000
1542418866.650000,0.000000,0.000000,0.000000,0.000000,0.000000,0.000000,0.000000
1542418866.700000,0.000000,0.000000,0.000000,0.000000,0.000000,0.000000,0.000000
1542418866.750000,0.000000,0.000000,0.000000,0.000000,0.000000,0.000000,0.000000
1542418866.800000,0.000000,0.000000,0.000000,0.000000,0.000000,0.000000,0.000000
1542418866.850000,0.000000,0.000000,0.000000,0.000000,0.000000,0.000000,0.000000
1542418866.900000,0.000000,0.000000,0.000000,0.000000,0.000000,0.000000,0.000000
1542418866.950000,0.000000,0.000000,0.000000,0.000000,0.000000,0.000000,0.000000
1542418867.000000,0.000000,0.000000,0.000000,0.000000,0.000000,0.000000,0.000000
1542418867.050000,0.000000,0.000000,0.000000,0.000000,0.000000,0.000000,0.000000
1542418867.100000,0.000000,0.000000,0.000000,0.000000,0.000000,0.000000,0.000000
1542418867.150000,0.000000,0.000000,0.000000,0.000000,0.000000,0.000000,0.000000
1542418867.200000,0.000000,0.000000,0.000000,0.000000,0.000000,0.000000,0.000000
1542418867.250000,0.000000,0.000000,0.000000,0.000000,0.000000,0.000000,0.000000
1542418867.300000,0.000000,0.000000,0.000000,0.000000,0.000000,0.000000,0.000000
1542418867.350000,0.000000,0.000000,0.000000,0.000000,0.000000,0.000000,0.000000
1542418867.400000,0.000000,0.000000,0.000000,0.000000,0.000000,0.000000,0.000000
1542418867.450000,0.000000,0.000000,0.000000,0.000000,0.000000,0.000000,0.000000
1542418867.500000,0.000000,0.000000,0.000000,0.000000,0.000000,0.000000,0.000000
1542418867.550000,0.000000,0.000000,0.000000,0.000000,0.000000,0.000000,0.000000
1542418867.600000,0.000000,0.000000,0.000000,0.000000,0.000000,0.000000,0.000000
1542418867.650000,0.000000,0.000000,0.000000,0.000000,0.000000,0.000000,0.000000
1542418867.700000,0.000000,0.000000,0.000000,0.000000,0.000000,0.000000,0.000000
1542418867.750000,0.000000,0.000000,0.000000,0.000000,0.000000,0.000000,0.000000
1542418867.800000,0.000000,0.000000,0.000000,0.000000,0.000000,0.000000,0.000000
1542418867.850000,0.000000,0.000000,0.000000,0.000000,0.000000,0.000000,0.000000
1542418867.900000,0.000000,0.000000,0.000000,0.000000,0.000000,0.000000,0.000000
1542418867.950000,0.000000,0.000000,0.000000,0.000000,0.000000,0.000000,0.000000
1542418868.000000,0.000000,0.000000,0.000000,0.000000,0.000000,0.000000,0.000000
1542418868.050000,0.000000,0.000000,0.000000,0.000000,0.000000,0.000000,0.000000
1542418868.100000,0.000000,0.000000,0.000000,0.000000,0.000000,0.000000,0.000000
1542418868.150000,0.000000,0.000000,0.000000,0.000000,0.000000,0.000000,0.000000
1542418868.200000,0.000000,0.000000,0.000000,0.000000,0.000000,0.000000,0.000000
1542418868.250000,0.000000,0.000000,0.000000,0.000000,0.000000,0.000000,0.000000
1542418868.300000,0.000000,0.000000,0.000000,0.000000,0.000000,0.000000,0.000000
1542418868.350000,0.000000,0.000000,0.000000,0.000000,0.000000,0.000000,0.000000
1542418868.400000,0.000000,0.000000,0.000000,0.000000,0.000000,0.000000,0.000000
1542418868.450000,0.000000,0.000000,0.000000,0.000000,0.000000,0.000000,0.000000
1542418868.500000,0.000000,0.000000,0.000000,0.000000,0.000000,0.000000,0.000000
1542418868.550000,0.000000,0.000000,0.000000,0.000000,0.000000,0.000000,0.000000
1542418868.600000,0.000000,0.000000,0.000000,0.000000,0.000000,0.000000,0.000000
1542418868.650000,0.000000,0.000000,0.000000,0.000000,0.000000,0.000000,0.000000
1542418868.700000,0.000000,0.000000,0.000000,0.000000,0.000000,0.000000,0.000000
1542418868.750000,0.000000,0.000000,0.000000,0.000000,0.000000,0.000000,0.000000
1542418868.800000,0.000000,0.000000,0.000000,0.000000,0.000000,0.000000,0.000000
1542418868.850000,0.000000,0.000000,0.000000,0.000000,0.000000,0.000000,0.000000
1542418868.900000,0.000000,0.000000,0.000000,0.000000,0.000000,0.000000,0.000000
1542418868.950000,0.000000,0.000000,0.000000,0.000000,0.000000,0.000000,0.000000
1542418869.000000,0.000000,0.000000,0.000000,0.000000,0.000000,0.000000,0.000000
1542418869.050000,0.000000,0.000000,0.000000,0.000000,0.000000,0.000000,0.000000
1542418869.100000,0.000000,0.000000,0.000000,0.000000,0.000000,0.000000,0.000000
1542418869.150000,0.000000,0.000000,0.000000,0.000000,0.000000,0.000000,0.000000
1542418869.200000,0.000000,0.000000,0.000000,0.000000,0.000000,0.000000,0.000000
1542418869.250000,0.000000,0.000000,0.000000,0.000000,0.000000,0.000000,0.000000
1542418869.300000,0.000000,0.000000,0.000000,0.000000,0.000000,0.000000,0.000000
1542418869.350000,0.000000,0.000000,0.000000,0.000000,0.000000,0.000000,0.000000
1542418869.400000,0.000000,0.000000,0.000000,0.000000,0.000000,0.000000,0.000000
1542418869.450000,0.000000,0.000000,0.000000,0.000000,0.000000,0.000000,0.000000
1542418869.500000,0.000000,0.000000,0.000000,0.000000,0.000000,0.000000,0.000000
1542418869.550000,0.000000,0.000000,0.000000,0.000000,0.000000,0.000000,0.000000
1542418869.600000,0.000000,0.000000,0.000000,0.000000,0.000000,0.000000,0.000000
1542418869.650000,0.000000,0.000000,0.000000,0.000000,0.000000,0.000000,0.000000
1542418869.700000,0.000000,0.000000,0.000000,0.000000,0.000000,0.000000,0.000000
1542418869.750000,0.000000,0.000000,0.000000,0.000000,0.000000,0.000000,0.000000
1542418869.800000,0.000000,0.000000,0.000000,0.000000,0.000000,0.000000,0.000000
1542418869.850000,0.000000,0.000000,0.000000,0.000000,0.000000,0.000000,0.000000
1542418869.900000,0.000000,0.000000,0.000000,0.000000,0.000000,0.000000,0.000000
1542418869.950000,0.000000,0.000000,0.000000,0.000000,0.000000,0.000000,0.000000
1542418870.000000,0.000000,0.000000,0.000000,0.000000,0.000000,0.000000,0.000000
1542418870.050000,0.000000,0.000000,0.000000,0.000000,0.000000,0.000000,0.000000
1542418870.100000,0.000000,0.000000,0.000000,0.000000,0.000000,0.000000,0.000000
1542418870.150000,0.000000,0.000000,0.000000,0.000000,0.000000,0.000000,0.000000
1542418870.200000,0.000000,0.000000,0.000000,0.000000,0.000000,0.000000,0.000000
1542418870.250000,0.000000,0.000000,0.000000,0.000000,0.000000,0.000000,0.000000
1542418870.300000,0.000000,0.000000,0.000000,0.000000,0.000000,0.000000,0.000000
1542418870.350000,0.000000,0.000000,0.000000,0.000000,0.000000,0.000000,0.000000
1542418870.400000,0.000000,0.000000,0.000000,0.000000,0.000000,0.000000,0.000000
1542418870.450000,0.000000,0.000000,0.000000,0.000000,0.000000,0.000000,0.000000
1542418870.500000,0.000000,0.000000,0.000000,0.000000,0.000000,0.000000,0.000000
1542418870.550000,0.000000,0.000000,0.000000,0.000000,0.000000,0.000000,0.000000
1542418870.600000,0.000000,0.000000,0.000000,0.000000,0.000000,0.000000,0.000000
1542418870.650000,0.000000,0.000000,0.000000,0.000000,0.000000,0.000000,0.000000
1542418870.700000,0.000000,0.000000,0.000000,0.000000,0.000000,0.000000,0.000000
1542418870.750000,0.000000,0.000000,0.000000,0.000000,0.000000,0.000000,0.000000
1542418870.800000,0.000000,0.000000,0.000000,0.000000,0.000000,0.000000,0.000000
1542418870.850000,0.000000,0.000000,0.000000,0.000000,0.000000,0.000000,0.000000
1542418870.900000,0.000000,0.000000,0.000000,0.000000,0.000000,0.000000,0.000000
1542418870.950000,0.000000,0.000000,0.000000,0.000000,0.000000,0.000000,0.000000
1542418871.000000,0.000000,0.000000,0.000000,0.000000,0.000000,0.000000,0.000000
1542418871.050000,0.000000,0.000000,0.000000,0.000000,0.000000,0.000000,0.000000
1542418871.100000,0.000000,0.000000,0.000000,0.000000,0.000000,0.000000,0.000000
1542418871.150000,0.000000,0.000000,0.000000,0.000000,0.000000,0.000000,0.000000
1542418871.200000,0.000000,0.000000,0.000000,0.000000,0.000000,0.000000,0.000000
1542418871.250000,0.000000,0.000000,0.000000,0.000000,0.000000,0.000000,0.000000
1542418871.300000,0.000000,0.000000,0.000000,0.000000,0.000000,0.000000,0.000000
1542418871.350000,0.000000,0.000000,0.000000,0.000000,0.000000,0.000000,0.000000
1542418871.400000,0.000000,0.000000,0.000000,0.000000,0.000000,0.000000,0.000000
1542418871.450000,0.000000,0.000000,0.000000,0.000000,0.000000,0.000000,0.000000
1542418871.500000,0.000000,0.000000,0.000000,0.000000,0.000000,0.000000,0.000000
1542418871.550000,0.000000,0.000000,0.000000,0.000000,0.000000,0.000000,0.000000
1542418871.600000,0.000000,0.000000,0.000000,0.000000,0.000000,0.000000,0.000000
1542418871.650000,0.000000,0.000000,0.000000,0.000000,0.000000,0.000000,0.000000
1542418871.700000,0.000000,0.000000,0.000000,0.000000,0.000000,0.000000,0.000000
1542418871.750000,0.000000,0.000000,0.000000,0.000000,0.000000,0.000000,0.000000
1542418871.800000,0.000000,0.000000,0.000000,0.000000,0.000000,0.000000,0.000000
1542418871.850000,0.000000,0.000000,0.000000,0.000000,0.000000,0.000000,0.000000
1542418871.900000,0.000000,0.000000,0.000000,0.000000,0.000000,0.000000,0.000000
1542418871.950000,0.000000,0.000000,0.000000,0.000000,0.000000,0.000000,0.000000
1542418872.000000,0.000000,0.000000,0.000000,0.000000,0.000000,0.000000,0.000000
1542418872.050000,0.000000,0.000000,0.000000,0.000000,0.000000,0.000000,0.000000
1542418872.100000,0.000000,0.000000,0.000000,0.000000,0.000000,0.000000,0.000000
1542418872.150000,0.000000,0.000000,0.000000,0.000000,0.000000,0.000000,0.000000
1542418872.200000,0.000000,0.000000,0.000000,0.000000,0.000000,0.000000,0.000000
1542418872.250000,0.000000,0.000000,0.000000,0.000000,0.000000,0.000000,0.000000
1542418872.300000,0.000000,0.000000,0.000000,0.000000,0.000000,0.000000,0.000000
1542418872.350000,0.000000,0.000000,0.000000,0.000000,0.000000,0.000000,0.000000
1542418872.400000,0.000000,0.000000,0.000000,0.000000,0.000000,0.000000,0.000000
1542418872.450000,0.000000,0.000000,0.000000,0.000000,0.000000,0.000000,0.000000
1542418872.500000,0.000000,0.000000,0.000000,0.000000,0.000000,0.000000,0.000000
1542418872.550000,0.000000,0.000000,0.000000,0.000000,0.000000,0.000000,0.000000
1542418872.600000,0.000000,0.000000,0.000000,0.000000,0.000000,0.000000,0.000000
1542418872.650000,0.000000,0.000000,0.000000,0.000000,0.000000,0.000000,0.000000
1542418872.700000,0.000000,0.000000,0.000000,0.000000,0.000000,0.000000,0.000000
1542418872.750000,0.000000,0.000000,0.000000,0.000000,0.000000,0.000000,0.000000
1542418872.800000,0.000000,0.000000,0.000000,0.000000,0.000000,0.000000,0.000000
1542418872.850000,0.000000,0.000000,0.000000,0.000000,0.000000,0.000000,0.000000
1542418872.900000,0.000000,0.000000,0.000000,0.000000,0.000000,0.000000,0.000000
1542418872.950000,0.000000,0.000000,0.000000,0.000000,0.000000,0.000000,0.000000
1542418873.000000,0.000000,0.000000,0.000000,0.000000,0.000000,0.000000,0.000000
1542418873.050000,0.000000,0.000000,0.000000,0.000000,0.000000,0.000000,0.000000
1542418873.100000,0.000000,0.000000,0.000000,0.000000,0.000000,0.000000,0.000000
1542418873.150000,0.000000,0.000000,0.000000,0.000000,0.000000,0.000000,0.000000
1542418873.200000,0.000000,0.000000,0.000000,0.000000,0.000000,0.000000,0.000000
1542418873.250000,0.000000,0.000000,0.000000,0.000000,0.000000,0.000000,0.000000
1542418873.300000,0.000000,0.000000,0.000000,0.000000,0.000000,0.000000,0.000000
1542418873.350000,0.000000,0.000000,0.000000,0.000000,0.000000,0.000000,0.000000
1542418873.400000,0.000000,0.000000,0.000000,0.000000,0.000000,0.000000,0.000000
1542418873.450000,0.000000,0.000000,0.000000,0.000000,0.000000,0.000000,0.000000
1542418873.500000,0.000000,0.000000,0.000000,0.000000,0.000000,0.000000,0.000000
1542418873.550000,0.000000,0.000000,0.000000,0.000000,0.000000,0.000000,0.000000
1542418873.600000,0.000000,0.000000,0.000000,0.000000,0.000000,0.000000,0.000000
1542418873.650000,0.000000,0.000000,0.000000,0.000000,0.000000,0.000000,0.000000
1542418873.700000,0.000000,0.000000,0.000000,0.000000,0.000000,0.000000,0.000000
1542418873.750000,0.000000,0.000000,0.000000,0.000000,0.000000,0.000000,0.000000
1542418873.800000,0.000000,0.000000,0.000000,0.000000,0.000000,0.000000,0.000000
1542418873.850000,0.000000,0.000000,0.000000,0.000000,0.000000,0.000000,0.000000
1542418873.900000,0.000000,0.000000,0.000000,0.000000,0.000000,0.000000,0.000000
1542418873.950000,0.000000,0.000000,0.000000,0.000000,0.000000,0.000000,0.000000
1542418874.000000,0.000000,0.000000,0.000000,0.000000,0.000000,0.000000,0.000000
1542418874.050000,0.000000,0.000000,0.000000,0.000000,0.000000,0.000000,0.000000
1542418874.100000,0.000000,0.000000,0.000000,0.000000,0.000000,0.000000,0.000000
1542418874.150000,0.000000,0.000000,0.000000,0.000000,0.000000,0.000000,0.000000
1542418874.200000,0.000000,0.000000,0.000000,0.000000,0.000000,0.000000,0.000000
1542418874.250000,0.000000,0.000000,0.000000,0.000000,0.000000,0.000000,0.000000
1542418874.300000,0.000000,0.000000,0.000000,0.000000,0.000000,0.000000,0.000000
1542418874.350000,0.000000,0.000000,0.000000,0.000000,0.000000,0.000000,0.000000
1542418874.400000,0.000000,0.000000,0.000000,0.000000,0.000000,0.000000,0.000000
1542418874.450000,0.000000,0.000000,0.000000,0.000000,0.000000,0.000000,0.000000
1542418874.500000,0.000000,0.000000,0.000000,0.000000,0.000000,0.000000,0.000000
1542418874.550000,0.000000,0.000000,0.000000,0.000000,0.000000,0.000000,0.000000
1542418874.600000,0.000000,0.000000,0.000000,0.000000,0.000000,0.000000,0.000000
1542418874.650000,0.000000,0.000000,0.000000,0.000000,0.000000,0.000000,0.000000
1542418874.700000,0.000000,0.000000,0.000000,0.000000,0.000000,0.000000,0.000000
1542418874.750000,0.000000,0.000000,0.000000,0.000000,0.000000,0.000000,0.000000
1542418874.800000,0.000000,0.000000,0.000000,0.000000,0.000000,0.000000,0.000000
1542418874.850000,0.000000,0.000000,0.000000,0.000000,0.000000,0.000000,0.000000
1542418874.900000,0.000000,0.000000,0.000000,0.000000,0.000000,0.000000,0.000000
1542418874.950000,0.000000,0.000000,0.000000,0.000000,0.000000,0.000000,0.000000
1542418875.000000,0.000000,0.000000,0.000000,0.000000,0.000000,0.000000,0.000000
1542418875.050000,0.000000,0.000000,0.000000,0.000000,0.000000,0.000000,0.000000
1542418875.100000,0.000000,0.000000,0.000000,0.000000,0.000000,0.000000,0.000000
1542418875.150000,0.000000,0.000000,0.000000,0.000000,0.000000,0.000000,0.000000
1542418875.200000,0.000000,0.000000,0.000000,0.000000,0.000000,0.000000,0.000000
1542418875.250000,0.000000,0.000000,0.000000,0.000000,0.000000,0.000000,0.000000
1542418875.300000,0.000000,0.000000,0.000000,0.000000,0.000000,0.000000,0.000000
1542418875.350000,0.000000,0.000000,0.000000,0.000000,0.000000,0.000000,0.000000
1542418875.400000,0.000000,0.000000,0.000000,0.000000,0.000000,0.000000,0.000000
1542418875.450000,0.000000,0.000000,0.000000,0.000000,0.000000,0.000000,0.000000
1542418875.500000,0.000000,0.000000,0.000000,0.000000,0.000000,0.000000,0.000000
1542418875.550000,0.000000,0.000000,0.000000,0.000000,0.000000,0.000000,0.000000
1542418875.600000,0.000000,0.000000,0.000000,0.000000,0.000000,0.000000,0.000000
1542418875.650000,0.000000,0.000000,0.000000,0.000000,0.000000,0.000000,0.000000
1542418875.700000,0.000000,0.000000,0.000000,0.000000,0.000000,0.000000,0.000000
1542418875.750000,0.000000,0.000000,0.000000,0.000000,0.000000,0.000000,0.000000
1542418875.800000,0.000000,0.000000,0.000000,0.000000,0.000000,0.000000,0.000000
1542418875.850000,0.000000,0.000000,0.000000,0.000000,0.000000,0.000000,0.000000
1542418875.900000,0.000000,0.000000,0.000000,0.000000,0.000000,0.000000,0.000000
1542418875.950000,0.000000,0.000000,0.000000,0.000000,0.000000,0.000000,0.000000
1542418876.000000,0.000000,0.000000,0.000000,0.000000,0.000000,0.000000,0.000000
1542418876.050000,0.000000,0.000000,0.000000,0.000000,0.000000,0.000000,0.000000
1542418876.100000,0.000000,0.000000,0.000000,0.000000,0.000000,0.000000,0.000000
1542418876.150000,0.000000,0.000000,0.000000,0.000000,0.000000,0.000000,0.000000
1542418876.200000,0.000000,0.000000,0.000000,0.000000,0.000000,0.000000,0.000000
1542418876.250000,0.000000,0.000000,0.000000,0.000000,0.000000,0.000000,0.000000
1542418876.300000,0.000000,0.000000,0.000000,0.000000,0.000000,0.000000,0.000000
1542418876.350000,0.000000,0.000000,0.000000,0.000000,0.000000,0.000000,0.000000
1542418876.400000,0.000000,0.000000,0.000000,0.000000,0.000000,0.000000,0.000000
1542418876.450000,0.000000,0.000000,0.000000,0.000000,0.000000,0.000000,0.000000
1542418876.500000,0.000000,0.000000,0.000000,0.000000,0.000000,0.000000,0.000000
1542418876.550000,0.000000,0.000000,0.000000,0.000000,0.000000,0.000000,0.000000
1542418876.600000,0.000000,0.000000,0.000000,0.000000,0.000000,0.000000,0.000000
1542418876.650000,0.000000,0.000000,0.000000,0.000000,0.000000,0.000000,0.000000
1542418876.700000,0.000000,0.000000,0.000000,0.000000,0.000000,0.000000,0.000000
1542418876.750000,0.000000,0.000000,0.000000,0.000000,0.000000,0.000000,0.000000
1542418876.800000,0.000000,0.000000,0.000000,0.000000,0.000000,0.000000,0.000000
1542418876.850000,0.000000,0.000000,0.000000,0.000000,0.000000,0.000000,0.000000
1542418876.900000,0.000000,0.000000,0.000000,0.000000,0.000000,0.000000,0.000000
1542418876.950000,0.000000,0.000000,0.000000,0.000000,0.000000,0.000000,0.000000
1542418877.000000,0.000000,0.000000,0.000000,0.000000,0.000000,0.000000,0.000000
1542418877.050000,0.000000,0.000000,0.000000,0.000000,0.000000,0.000000,0.000000
1542418877.100000,0.000000,0.000000,0.000000,0.000000,0.000000,0.000000,0.000000
1542418877.150000,0.000000,0.000000,0.000000,0.000000,0.000000,0.000000,0.000000
1542418877.200000,0.000000,0.000000,0.000000,0.000000,0.000000,0.000000,0.000000
1542418877.250000,0.000000,0.000000,0.000000,0.000000,0.000000,0.000000,0.000000
1542418877.300000,0.000000,0.000000,0.000000,0.000000,0.000000,0.000000,0.000000
1542418877.350000,0.000000,0.000000,0.000000,0.000000,0.000000,0.000000,0.000000
1542418877.400000,0.000000,0.000000,0.000000,0.000000,0.000000,0.000000,0.000000
1542418877.450000,0.000000,0.000000,0.000000,0.000000,0.000000,0.000000,0.000000
1542418877.500000,0.000000,0.000000,0.000000,0.000000,0.000000,0.000000,0.000000
1542418877.550000,0.000000,0.000000,0.000000,0.000000,0.000000,0.000000,0.000000
1542418877.600000,0.000000,0.000000,0.000000,0.000000,0.000000,0.000000,0.000000
1542418877.650000,0.000000,0.000000,0.000000,0.000000,0.000000,0.000000,0.000000
1542418877.700000,0.000000,0.000000,0.000000,0.000000,0.000000,0.000000,0.000000
1542418877.750000,0.000000,0.000000,0.000000,0.000000,0.000000,0.000000,0.000000
1542418877.800000,0.000000,0.000000,0.000000,0.000000,0.000000,0.000000,0.000000
1542418877.850000,0.000000,0.000000,0.000000,0.000000,0.000000,0.000000,0.000000
1542418877.900000,0.000000,0.000000,0.000000,0.000000,0.000000,0.000000,0.000000
1542418877.950000,0.000000,0.000000,0.000000,0.000000,0.000000,0.000000,0.000000
1542418878.000000,0.000000,0.000000,0.000000,0.000000,0.000000,0.000000,0.000000
1542418878.050000,0.000000,0.000000,0.000000,0.000000,0.000000,0.000000,0.000000
1542418878.100000,0.000000,0.000000,0.000000,0.000000,0.000000,0.000000,0.000000
1542418878.150000,0.000000,0.000000,0.000000,0.000000,0.000000,0.000000,0.000000
1542418878.200000,0.000000,0.000000,0.000000,0.000000,0.000000,0.000000,0.000000
1542418878.250000,0.000000,0.000000,0.000000,0.000000,0.000000,0.000000,0.000000
1542418878.300000,0.000000,0.000000,0.000000,0.000000,0.000000,0.000000,0.000000
1542418878.350000,0.000000,0.000000,0.000000,0.000000,0.000000,0.000000,0.000000
1542418878.400000,0.000000,0.000000,0.000000,0.000000,0.000000,0.000000,0.000000
1542418878.450000,0.000000,0.000000,0.000000,0.000000,0.000000,0.000000,0.000000
1542418878.500000,0.000000,0.000000,0.000000,0.000000,0.000000,0.000000,0.000000
1542418878.550000,0.000000,0.000000,0.000000,0.000000,0.000000,0.000000,0.000000
1542418878.600000,0.000000,0.000000,0.000000,0.000000,0.000000,0.000000,0.000000
1542418878.650000,0.000000,0.000000,0.000000,0.000000,0.000000,0.000000,0.000000
1542418878.700000,0.000000,0.000000,0.000000,0.000000,0.000000,0.000000,0.000000
1542418878.750000,0.000000,0.000000,0.000000,0.000000,0.000000,0.000000,0.000000
1542418878.800000,0.000000,0.000000,0.000000,0.000000,0.000000,0.000000,0.000000
1542418878.850000,0.000000,0.000000,0.000000,0.000000,0.000000,0.000000,0.000000
1542418878.900000,0.000000,0.000000,0.000000,0.000000,0.000000,0.000000,0.000000
1542418878.950000,0.000000,0.000000,0.000000,0.000000,0.000000,0.000000,0.000000
1542418879.000000,0.000000,0.000000,0.000000,0.000000,0.000000,0.000000,0.000000
1542418879.050000,0.000000,0.000000,0.000000,0.000000,0.000000,0.000000,0.000000
1542418879.100000,0.000000,0.000000,0.000000,0.000000,0.000000,0.000000,0.000000
1542418879.150000,0.000000,0.000000,0.000000,0.000000,0.000000,0.000000,0.000000
1542418879.200000,0.000000,0.000000,0.000000,0.000000,0.000000,0.000000,0.000000
1542418879.250000,0.000000,0.000000,0.000000,0.000000,0.000000,0.000000,0.000000
1542418879.300000,0.000000,0.000000,0.000000,0.000000,0.000000,0.000000,0.000000
1542418879.350000,0.000000,0.000000,0.000000,0.000000,0.000000,0.000000,0.000000
1542418879.400000,0.000000,0.000000,0.000000,0.000000,0.000000,0.000000,0.000000
1542418879.450000,0.000000,0.000000,0.000000,0.000000,0.000000,0.000000,0.000000
1542418879.500000,0.000000,0.000000,0.000000,0.000000,0.000000,0.000000,0.000000
1542418879.550000,0.000000,0.000000,0.000000,0.000000,0.000000,0.000000,0.000000
1542418879.600000,0.000000,0.000000,0.000000,0.000000,0.000000,0.000000,0.000000
1542418879.650000,0.000000,0.000000,0.000000,0.000000,0.000000,0.000000,0.000000
1542418879.700000,0.000000,0.000000,0.000000,0.000000,0.000000,0.000000,0.000000
1542418879.750000,0.000000,0.000000,0.000000,0.000000,0.000000,0.000000,0.000000
1542418879.800000,0.000000,0.000000,0.000000,0.000000,0.000000,0.000000,0.000000
1542418879.850000,0.000000,0.000000,0.000000,0.000000,0.000000,0.000000,0.000000
1542418879.900000,0.000000,0.000000,0.000000,0.000000,0.000000,0.000000,0.000000
1542418879.950000,0.000000,0.000000,0.000000,0.000000,0.000000,0.000000,0.000000
1542418880.000000,0.000000,0.000000,0.000000,0.000000,0.000000,0.000000,0.000000
1542418880.050000,0.000000,0.000000,0.000000,0.000000,0.000000,0.000000,0.000000
1542418880.100000,0.000000,0.000000,0.000000,0.000000,0.000000,0.000000,0.000000
1542418880.150000,0.000000,0.000000,0.000000,0.000000,0.000000,0.000000,0.000000
1542418880.200000,0.000000,0.000000,0.000000,0.000000,0.000000,0.000000,0.000000
1542418880.250000,0.000000,0.000000,0.000000,0.000000,0.000000,0.000000,0.000000
1542418880.300000,0.000000,0.000000,0.000000,0.000000,0.000000,0.000000,0.000000
1542418880.350000,0.000000,0.000000,0.000000,0.000000,0.000000,0.000000,0.000000
1542418880.400000,0.000000,0.000000,0.000000,0.000000,0.000000,0.000000,0.000000
1542418880.450000,0.000000,0.000000,0.000000,0.000000,0.000000,0.000000,0.000000
1542418880.500000,0.000000,0.000000,0.000000,0.000000,0.000000,0.000000,0.000000
1542418880.550000,0.000000,0.000000,0.000000,0.000000,0.000000,0.000000,0.000000
1542418880.600000,0.000000,0.000000,0.000000,0.000000,0.000000,0.000000,0.000000
1542418880.650000,0.000000,0.000000,0.000000,0.000000,0.000000,0.000000,0.000000
1542418880.700000,0.000000,0.000000,0.000000,0.000000,0.000000,0.000000,0.000000
1542418880.750000,0.000000,0.000000,0.000000,0.000000,0.000000,0.000000,0.000000
1542418880.800000,0.000000,0.000000,0.000000,0.000000,0.000000,0.000000,0.000000
1542418880.850000,0.000000,0.000000,0.000000,0.000000,0.000000,0.000000,0.000000
1542418880.900000,0.000000,0.000000,0.000000,0.000000,0.000000,0.000000,0.000000
1542418880.950000,0.000000,0.000000,0.000000,0.000000,0.000000,0.000000,0.000000
1542418881.000000,0.000000,0.000000,0.000000,0.000000,0.000000,0.000000,0.000000
1542418881.050000,0.000000,0.000000,0.000000,0.000000,0.000000,0.000000,0.000000
1542418881.100000,0.000000,0.000000,0.000000,0.000000,0.000000,0.000000,0.000000
1542418881.150000,0.000000,0.000000,0.000000,0.000000,0.000000,0.000000,0.000000
1542418881.200000,0.000000,0.000000,0.000000,0.000000,0.000000,0.000000,0.000000
1542418881.250000,0.000000,0.000000,0.000000,0.000000,0.000000,0.000000,0.000000
1542418881.300000,0.000000,0.000000,0.000000,0.000000,0.000000,0.000000,0.000000
1542418881.350000,0.000000,0.000000,0.000000,0.000000,0.000000,0.000000,0.000000
1542418881.400000,0.000000,0.000000,0.000000,0.000000,0.000000,0.000000,0.000000
1542418881.450000,0.000000,0.000000,0.000000,0.000000,0.000000,0.000000,0.000000
1542418881.500000,0.000000,0.000000,0.000000,0.000000,0.000000,0.000000,0.000000
1542418881.550000,0.000000,0.000000,0.000000,0.000000,0.000000,0.000000,0.000000
1542418881.600000,0.000000,0.000000,0.000000,0.000000,0.000000,0.000000,0.000000
1542418881.650000,0.000000,0.000000,0.000000,0.000000,0.000000,0.000000,0.000000
1542418881.700000,0.000000,0.000000,0.000000,0.000000,0.000000,0.000000,0.000000
1542418881.750000,0.000000,0.000000,0.000000,0.000000,0.000000,0.000000,0.000000
1542418881.800000,0.000000,0.000000,0.000000,0.000000,0.000000,0.000000,0.000000
1542418881.850000,0.000000,0.000000,0.000000,0.000000,0.000000,0.000000,0.000000
1542418881.900000,0.000000,0.000000,0.000000,0.000000,0.000000,0.000000,0.000000
1542418881.950000,0.000000,0.000000,0.000000,0.000000,0.000000,0.000000,0.000000
1542418882.000000,0.000000,0.000000,0.000000,0.000000,0.000000,0.000000,0.000000
1542418882.050000,0.000000,0.000000,0.000000,0.000000,0.000000,0.000000,0.000000
1542418882.100000,0.000000,0.000000,0.000000,0.000000,0.000000,0.000000,0.000000
1542418882.150000,0.000000,0.000000,0.000000,0.000000,0.000000,0.000000,0.000000
1542418882.200000,0.000000,0.000000,0.000000,0.000000,0.000000,0.000000,0.000000
1542418882.250000,0.000000,0.000000,0.000000,0.000000,0.000000,0.000000,0.000000
1542418882.300000,0.000000,0.000000,0.000000,0.000000,0.000000,0.000000,0.000000
1542418882.350000,0.000000,0.000000,0.000000,0.000000,0.000000,0.000000,0.000000
1542418882.400000,0.000000,0.000000,0.000000,0.000000,0.000000,0.000000,0.000000
1542418882.450000,0.000000,0.000000,0.000000,0.000000,0.000000,0.000000,0.000000
1542418882.500000,0.000000,0.000000,0.000000,0.000000,0.000000,0.000000,0.000000
1542418882.550000,0.000000,0.000000,0.000000,0.000000,0.000000,0.000000,0.000000
1542418882.600000,0.000000,0.000000,0.000000,0.000000,0.000000,0.000000,0.000000
1542418882.650000,0.000000,0.000000,0.000000,0.000000,0.000000,0.000000,0.000000
1542418882.700000,0.000000,0.000000,0.000000,0.000000,0.000000,0.000000,0.000000
1542418882.750000,0.000000,0.000000,0.000000,0.000000,0.000000,0.000000,0.000000
1542418882.800000,0.000000,0.000000,0.000000,0.000000,0.000000,0.000000,0.000000
1542418882.850000,0.000000,0.000000,0.000000,0.000000,0.000000,0.000000,0.000000
1542418882.900000,0.000000,0.000000,0.000000,0.000000,0.000000,0.000000,0.000000
1542418882.950000,0.000000,0.000000,0.000000,0.000000,0.000000,0.000000,0.000000
1542418883.000000,0.000000,0.000000,0.000000,0.000000,0.000000,0.000000,0.000000
1542418883.050000,0.000000,0.000000,0.000000,0.000000,0.000000,0.000000,0.000000
1542418883.100000,0.000000,0.000000,0.000000,0.000000,0.000000,0.000000,0.000000
1542418883.150000,0.000000,0.000000,0.000000,0.000000,0.000000,0.000000,0.000000
1542418883.200000,0.000000,0.000000,0.000000,0.000000,0.000000,0.000000,0.000000
1542418883.250000,0.000000,0.000000,0.000000,0.000000,0.000000,0.000000,0.000000
1542418883.300000,0.000000,0.000000,0.000000,0.000000,0.000000,0.000000,0.000000
1542418883.350000,0.000000,0.000000,0.000000,0.000000,0.000000,0.000000,0.000000
1542418883.400000,0.000000,0.000000,0.000000,0.000000,0.000000,0.000000,0.000000
1542418883.450000,0.000000,0.000000,0.000000,0.000000,0.000000,0.000000,0.000000
1542418883.500000,0.000000,0.000000,0.000000,0.000000,0.000000,0.000000,0.000000
1542418883.550000,0.000000,0.000000,0.000000,0.000000,0.000000,0.000000,0.000000
1542418883.600000,0.000000,0.000000,0.000000,0.000000,0.000000,0.000000,0.000000
1542418883.650000,0.000000,0.000000,0.000000,0.000000,0.000000,0.000000,0.000000
1542418883.700000,0.000000,0.000000,0.000000,0.000000,0.000000,0.000000,0.000000
1542418883.750000,0.000000,0.000000,0.000000,0.000000,0.000000,0.000000,0.000000
1542418883.800000,0.000000,0.000000,0.000000,0.000000,0.000000,0.000000,0.000000
1542418883.850000,0.000000,0.000000,0.000000,0.000000,0.000000,0.000000,0.000000
1542418883.900000,0.000000,0.000000,0.000000,0.000000,0.000000,0.000000,0.000000
1542418883.950000,0.000000,0.000000,0.000000,0.000000,0.000000,0.000000,0.000000
1542418884.000000,0.000000,0.000000,0.000000,0.000000,0.000000,0.000000,0.000000
1542418884.050000,0.000000,0.000000,0.000000,0.000000,0.000000,0.000000,0.000000
1542418884.100000,0.000000,0.000000,0.000000,0.000000,0.000000,0.000000,0.000000
1542418884.150000,0.000000,0.000000,0.000000,0.000000,0.000000,0.000000,0.000000
1542418884.200000,0.000000,0.000000,0.000000,0.000000,0.000000,0.000000,0.000000
1542418884.250000,0.000000,0.000000,0.000000,0.000000,0.000000,0.000000,0.000000
1542418884.300000,0.000000,0.000000,0.000000,0.000000,0.000000,0.000000,0.000000
1542418884.350000,0.000000,0.000000,0.000000,0.000000,0.000000,0.000000,0.000000
1542418884.400000,0.000000,0.000000,0.000000,0.000000,0.000000,0.000000,0.000000
1542418884.450000,0.000000,0.000000,0.000000,0.000000,0.000000,0.000000,0.000000
1542418884.500000,0.000000,0.000000,0.000000,0.000000,0.000000,0.000000,0.000000
1542418884.550000,0.000000,0.000000,0.000000,0.000000,0.000000,0.000000,0.000000
1542418884.600000,0.000000,0.000000,0.000000,0.000000,0.000000,0.000000,0.000000
1542418884.650000,0.000000,0.000000,0.000000,0.000000,0.000000,0.000000,0.000000
1542418884.700000,0.000000,0.000000,0.000000,0.000000,0.000000,0.000000,0.000000
1542418884.750000,0.000000,0.000000,0.000000,0.000000,0.000000,0.000000,0.000000
1542418884.800000,0.000000,0.000000,0.000000,0.000000,0.000000,0.000000,0.000000
1542418884.850000,0.000000,0.000000,0.000000,0.000000,0.000000,0.000000,0.000000
1542418884.900000,0.000000,0.000000,0.000000,0.000000,0.000000,0.000000,0.000000
1542418884.950000,0.000000,0.000000,0.000000,0.000000,0.000000,0.000000,0.000000
1542418885.000000,0.000000,0.000000,0.000000,0.000000,0.000000,0.000000,0.000000
1542418885.050000,0.000000,0.000000,0.000000,0.000000,0.000000,0.000000,0.000000
1542418885.100000,0.000000,0.000000,0.000000,0.000000,0.000000,0.000000,0.000000
1542418885.150000,0.000000,0.000000,0.000000,0.000000,0.000000,0.000000,0.000000
1542418885.200000,0.000000,0.000000,0.000000,0.000000,0.000000,0.000000,0.000000
1542418885.250000,0.000000,0.000000,0.000000,0.000000,0.000000,0.000000,0.000000
1542418885.300000,0.000000,0.000000,0.000000,0.000000,0.000000,0.000000,0.000000
1542418885.350000,0.000000,0.000000,0.000000,0.000000,0.000000,0.000000,0.000000
1542418885.400000,0.000000,0.000000,0.000000,0.000000,0.000000,0.000000,0.000000
1542418885.450000,0.000000,0.000000,0.000000,0.000000,0.000000,0.000000,0.000000
1542418885.500000,0.000000,0.000000,0.000000,0.000000,0.000000,0.000000,0.000000
1542418885.550000,0.000000,0.000000,0.000000,0.000000,0.000000,0.000000,0.000000
1542418885.600000,0.000000,0.000000,0.000000,0.000000,0.000000,0.000000,0.000000
1542418885.650000,0.000000,0.000000,0.000000,0.000000,0.000000,0.000000,0.000000
1542418885.700000,0.000000,0.000000,0.000000,0.000000,0.000000,0.000000,0.000000
1542418885.750000,0.000000,0.000000,0.000000,0.000000,0.000000,0.000000,0.000000
1542418885.800000,0.000000,0.000000,0.000000,0.000000,0.000000,0.000000,0.000000
1542418885.850000,0.000000,0.000000,0.000000,0.000000,0.000000,0.000000,0.000000
1542418885.900000,0.000000,0.000000,0.000000,0.000000,0.000000,0.000000,0.000000
1542418885.950000,0.000000,0.000000,0.000000,0.000000,0.000000,0.000000,0.000000
1542418886.000000,0.000000,0.000000,0.000000,0.000000,0.000000,0.000000,0.000000
1542418886.050000,0.000000,0.000000,0.000000,0.000000,0.000000,0.000000,0.000000
1542418886.100000,0.000000,0.000000,0.000000,0.000000,0.000000,0.000000,0.000000
1542418886.150000,0.000000,0.000000,0.000000,0.000000,0.000000,0.000000,0.000000
1542418886.200000,0.000000,0.000000,0.000000,0.000000,0.000000,0.000000,0.000000
1542418886.250000,0.000000,0.000000,0.000000,0.000000,0.000000,0.000000,0.000000
1542418886.300000,0.000000,0.000000,0.000000,0.000000,0.000000,0.000000,0.000000
1542418886.350000,0.000000,0.000000,0.000000,0.000000,0.000000,0.000000,0.000000
1542418886.400000,0.000000,0.000000,0.000000,0.000000,0.000000,0.000000,0.000000
1542418886.450000,0.000000,0.000000,0.000000,0.000000,0.000000,0.000000,0.000000
1542418886.500000,0.000000,0.000000,0.000000,0.000000,0.000000,0.000000,0.000000
1542418886.550000,0.000000,0.000000,0.000000,0.000000,0.000000,0.000000,0.000000
1542418886.600000,0.000000,0.000000,0.000000,0.000000,0.000000,0.000000,0.000000
1542418886.650000,0.000000,0.000000,0.000000,0.000000,0.000000,0.000000,0.000000
1542418886.700000,0.000000,0.000000,0.000000,0.000000,0.000000,0.000000,0.000000
1542418886.750000,0.000000,0.000000,0.000000,0.000000,0.000000,0.000000,0.000000
1542418886.800000,0.000000,0.000000,0.000000,0.000000,0.000000,0.000000,0.000000
1542418886.850000,0.000000,0.000000,0.000000,0.000000,0.000000,0.000000,0.000000
1542418886.900000,0.000000,0.000000,0.000000,0.000000,0.000000,0.000000,0.000000
1542418886.950000,0.000000,0.000000,0.000000,0.000000,0.000000,0.000000,0.000000
1542418887.000000,0.000000,0.000000,0.000000,0.000000,0.000000,0.000000,0.000000
1542418887.050000,0.000000,0.000000,0.000000,0.000000,0.000000,0.000000,0.000000
1542418887.100000,0.000000,0.000000,0.000000,0.000000,0.000000,0.000000,0.000000
1542418887.150000,0.000000,0.000000,0.000000,0.000000,0.000000,0.000000,0.000000
1542418887.200000,0.000000,0.000000,0.000000,0.000000,0.000000,0.000000,0.000000
1542418887.250000,0.000000,0.000000,0.000000,0.000000,0.000000,0.000000,0.000000
1542418887.300000,0.000000,0.000000,0.000000,0.000000,0.000000,0.000000,0.000000
1542418887.350000,0.000000,0.000000,0.000000,0.000000,0.000000,0.000000,0.000000
1542418887.400000,0.000000,0.000000,0.000000,0.000000,0.000000,0.000000,0.000000
1542418887.450000,0.000000,0.000000,0.000000,0.000000,0.000000,0.000000,0.000000
1542418887.500000,0.000000,0.000000,0.000000,0.000000,0.000000,0.000000,0.000000
1542418887.550000,0.000000,0.000000,0.000000,0.000000,0.000000,0.000000,0.000000
1542418887.600000,0.000000,0.000000,0.000000,0.000000,0.000000,0.000000,0.000000
1542418887.650000,0.000000,0.000000,0.000000,0.000000,0.000000,0.000000,0.000000
1542418887.700000,0.000000,0.000000,0.000000,0.000000,0.000000,0.000000,0.000000
1542418887.750000,0.000000,0.000000,0.000000,0.000000,0.000000,0.000000,0.000000
1542418887.800000,0.000000,0.000000,0.000000,0.000000,0.000000,0.000000,0.000000
1542418887.850000,0.000000,0.000000,0.000000,0.000000,0.000000,0.000000,0.000000
1542418887.900000,0.000000,0.000000,0.000000,0.000000,0.000000,0.000000,0.000000
1542418887.950000,0.000000,0.000000,0.000000,0.000000,0.000000,0.000000,0.000000
1542418888.000000,0.000000,0.000000,0.000000,0.000000,0.000000,0.000000,0.000000
1542418888.050000,0.000000,0.000000,0.000000,0.000000,0.000000,0.000000,0.000000
1542418888.100000,0.000000,0.000000,0.000000,0.000000,0.000000,0.000000,0.000000
1542418888.150000,0.000000,0.000000,0.000000,0.000000,0.000000,0.000000,0.000000
1542418888.200000,0.000000,0.000000,0.000000,0.000000,0.000000,0.000000,0.000000
1542418888.250000,0.000000,0.000000,0.000000,0.000000,0.000000,0.000000,0.000000
1542418888.300000,0.000000,0.000000,0.000000,0.000000,0.000000,0.000000,0.000000
1542418888.350000,0.000000,0.000000,0.000000,0.000000,0.000000,0.000000,0.000000
1542418888.400000,0.000000,0.000000,0.000000,0.000000,0.000000,0.000000,0.000000
1542418888.450000,0.000000,0.000000,0.000000,0.000000,0.000000,0.000000,0.000000
1542418888.500000,0.000000,0.000000,0.000000,0.000000,0.000000,0.000000,0.000000
1542418888.550000,0.000000,0.000000,0.000000,0.000000,0.000000,0.000000,0.000000
1542418888.600000,0.000000,0.000000,0.000000,0.000000,0.000000,0.000000,0.000000
1542418888.650000,0.000000,0.000000,0.000000,0.000000,0.000000,0.000000,0.000000
1542418888.700000,0.000000,0.000000,0.000000,0.000000,0.000000,0.000000,0.000000
1542418888.750000,0.000000,0.000000,0.000000,0.000000,0.000000,0.000000,0.000000
1542418888.800000,0.000000,0.000000,0.000000,0.000000,0.000000,0.000000,0.000000
1542418888.850000,0.000000,0.000000,0.000000,0.000000,0.000000,0.000000,0.000000
1542418888.900000,0.000000,0.000000,0.000000,0.000000,0.000000,0.000000,0.000000
1542418888.950000,0.000000,0.000000,0.000000,0.000000,0.000000,0.000000,0.000000
1542418889.000000,0.000000,0.000000,0.000000,0.000000,0.000000,0.000000,0.000000
1542418889.050000,0.000000,0.000000,0.000000,0.000000,0.000000,0.000000,0.000000
1542418889.100000,0.000000,0.000000,0.000000,0.000000,0.000000,0.000000,0.000000
1542418889.150000,0.000000,0.000000,0.000000,0.000000,0.000000,0.000000,0.000000
1542418889.200000,0.000000,0.000000,0.000000,0.000000,0.000000,0.000000,0.000000
1542418889.250000,0.000000,0.000000,0.000000,0.000000,0.000000,0.000000,0.000000
1542418889.300000,0.000000,0.000000,0.000000,0.000000,0.000000,0.000000,0.000000
1542418889.350000,0.000000,0.000000,0.000000,0.000000,0.000000,0.000000,0.000000
1542418889.400000,0.000000,0.000000,0.000000,0.000000,0.000000,0.000000,0.000000
1542418889.450000,0.000000,0.000000,0.000000,0.000000,0.000000,0.000000,0.000000
1542418889.500000,0.000000,0.000000,0.000000,0.000000,0.000000,0.000000,0.000000
1542418889.550000,0.000000,0.000000,0.000000,0.000000,0.000000,0.000000,0.000000
1542418889.600000,0.000000,0.000000,0.000000,0.000000,0.000000,0.000000,0.000000
1542418889.650000,0.000000,0.000000,0.000000,0.000000,0.000000,0.000000,0.000000
1542418889.700000,0.000000,0.000000,0.000000,0.000000,0.000000,0.000000,0.000000
1542418889.750000,0.000000,0.000000,0.000000,0.000000,0.000000,0.000000,0.000000
1542418889.800000,0.000000,0.000000,0.000000,0.000000,0.000000,0.000000,0.000000
1542418889.850000,0.000000,0.000000,0.000000,0.000000,0.000000,0.000000,0.000000
1542418889.900000,0.000000,0.000000,0.000000,0.000000,0.000000,0.000000,0.000000
1542418889.950000,0.000000,0.000000,0.000000,0.000000,0.000000,0.000000,0.000000
1542418890.000000,0.000000,0.000000,0.000000,0.000000,0.000000,0.000000,0.000000
1542418890.050000,0.000000,0.000000,0.000000,0.000000,0.000000,0.000000,0.000000
1542418890.100000,0.000000,0.000000,0.000000,0.000000,0.000000,0.000000,0.000000
1542418890.150000,0.000000,0.000000,0.000000,0.000000,0.000000,0.000000,0.000000
1542418890.200000,0.000000,0.000000,0.000000,0.000000,0.000000,0.000000,0.000000
1542418890.250000,0.000000,0.000000,0.000000,0.000000,0.000000,0.000000,0.000000
1542418890.300000,0.000000,0.000000,0.000000,0.000000,0.000000,0.000000,0.000000
1542418890.350000,0.000000,0.000000,0.000000,0.000000,0.000000,0.000000,0.000000
1542418890.400000,0.000000,0.000000,0.000000,0.000000,0.000000,0.000000,0.000000
1542418890.450000,0.000000,0.000000,0.000000,0.000000,0.000000,0.000000,0.000000
1542418890.500000,0.000000,0.000000,0.000000,0.000000,0.000000,0.000000,0.000000
1542418890.550000,0.000000,0.000000,0.000000,0.000000,0.000000,0.000000,0.000000
1542418890.600000,0.000000,0.000000,0.000000,0.000000,0.000000,0.000000,0.000000
1542418890.650000,0.000000,0.000000,0.000000,0.000000,0.000000,0.000000,0.000000
1542418890.700000,0.000000,0.000000,0.000000,0.000000,0.000000,0.000000,0.000000
1542418890.750000,0.000000,0.000000,0.000000,0.000000,0.000000,0.000000,0.000000
1542418890.800000,0.000000,0.000000,0.000000,0.000000,0.000000,0.000000,0.000000
1542418890.850000,0.000000,0.000000,0.000000,0.000000,0.000000,0.000000,0.000000
1542418890.900000,0.000000,0.000000,0.000000,0.000000,0.000000,0.000000,0.000000
1542418890.950000,0.000000,0.000000,0.000000,0.000000,0.000000,0.000000,0.000000
1542418891.000000,0.000000,0.000000,0.000000,0.000000,0.000000,0.000000,0.000000
1542418891.050000,0.000000,0.000000,0.000000,0.000000,0.000000,0.000000,0.000000
1542418891.100000,0.000000,0.000000,0.000000,0.000000,0.000000,0.000000,0.000000
1542418891.150000,0.000000,0.000000,0.000000,0.000000,0.000000,0.000000,0.000000
1542418891.200000,0.000000,0.000000,0.000000,0.000000,0.000000,0.000000,0.000000
1542418891.250000,0.000000,0.000000,0.000000,0.000000,0.000000,0.000000,0.000000
1542418891.300000,0.000000,0.000000,0.000000,0.000000,0.000000,0.000000,0.000000
1542418891.350000,0.000000,0.000000,0.000000,0.000000,0.000000,0.000000,0.000000
1542418891.400000,0.000000,0.000000,0.000000,0.000000,0.000000,0.000000,0.000000
1542418891.450000,0.000000,0.000000,0.000000,0.000000,0.000000,0.000000,0.000000
1542418891.500000,0.000000,0.000000,0.000000,0.000000,0.000000,0.000000,0.000000
1542418891.550000,0.000000,0.000000,0.000000,0.000000,0.000000,0.000000,0.000000
1542418891.600000,0.000000,0.000000,0.000000,0.000000,0.000000,0.000000,0.000000
1542418891.650000,0.000000,0.000000,0.000000,0.000000,0.000000,0.000000,0.000000
1542418891.700000,0.000000,0.000000,0.000000,0.000000,0.000000,0.000000,0.000000
1542418891.750000,0.000000,0.000000,0.000000,0.000000,0.000000,0.000000,0.000000
1542418891.800000,0.000000,0.000000,0.000000,0.000000,0.000000,0.000000,0.000000
1542418891.850000,0.000000,0.000000,0.000000,0.000000,0.000000,0.000000,0.000000
1542418891.900000,0.000000,0.000000,0.000000,0.000000,0.000000,0.000000,0.000000
1542418891.950000,0.000000,0.000000,0.000000,0.000000,0.000000,0.000000,0.000000
1542418892.000000,0.000000,0.000000,0.000000,0.000000,0.000000,0.000000,0.000000
1542418892.050000,0.000000,0.000000,0.000000,0.000000,0.000000,0.000000,0.000000
1542418892.100000,0.000000,0.000000,0.000000,0.000000,0.000000,0.000000,0.000000
1542418892.150000,0.000000,0.000000,0.000000,0.000000,0.000000,0.000000,0.000000
1542418892.200000,0.000000,0.000000,0.000000,0.000000,0.000000,0.000000,0.000000
1542418892.250000,0.000000,0.000000,0.000000,0.000000,0.000000,0.000000,0.000000
1542418892.300000,0.000000,0.000000,0.000000,0.000000,0.000000,0.000000,0.000000
1542418892.350000,0.000000,0.000000,0.000000,0.000000,0.000000,0.000000,0.000000
1542418892.400000,0.000000,0.000000,0.000000,0.000000,0.000000,0.000000,0.000000
1542418892.450000,0.000000,0.000000,0.000000,0.000000,0.000000,0.000000,0.000000
1542418892.500000,0.000000,0.000000,0.000000,0.000000,0.000000,0.000000,0.000000
1542418892.550000,0.000000,0.000000,0.000000,0.000000,0.000000,0.000000,0.000000
1542418892.600000,0.000000,0.000000,0.000000,0.000000,0.000000,0.000000,0.000000
1542418892.650000,0.000000,0.000000,0.000000,0.000000,0.000000,0.000000,0.000000
1542418892.700000,0.000000,0.000000,0.000000,0.000000,0.000000,0.000000,0.000000
1542418892.750000,0.000000,0.000000,0.000000,0.000000,0.000000,0.000000,0.000000
1542418892.800000,0.000000,0.000000,0.000000,0.000000,0.000000,0.000000,0.000000
1542418892.850000,0.000000,0.000000,0.000000,0.000000,0.000000,0.000000,0.000000
1542418892.900000,0.000000,0.000000,0.000000,0.000000,0.000000,0.000000,0.000000
1542418892.950000,0.000000,0.000000,0.000000,0.000000,0.000000,0.000000,0.000000
1542418893.000000,0.000000,0.000000,0.000000,0.000000,0.000000,0.000000,0.000000
1542418893.050000,0.000000,0.000000,0.000000,0.000000,0.000000,0.000000,0.000000
1542418893.100000,0.000000,0.000000,0.000000,0.000000,0.000000,0.000000,0.000000
1542418893.150000,0.000000,0.000000,0.000000,0.000000,0.000000,0.000000,0.000000
1542418893.200000,0.000000,0.000000,0.000000,0.000000,0.000000,0.000000,0.000000
1542418893.250000,0.000000,0.000000,0.000000,0.000000,0.000000,0.000000,0.000000
1542418893.300000,0.000000,0.000000,0.000000,0.000000,0.000000,0.000000,0.000000
1542418893.350000,0.000000,0.000000,0.000000,0.000000,0.000000,0.000000,0.000000
1542418893.400000,0.000000,0.000000,0.000000,0.000000,0.000000,0.000000,0.000000
1542418893.450000,0.000000,0.000000,0.000000,0.000000,0.000000,0.000000,0.000000
1542418893.500000,0.000000,0.000000,0.000000,0.000000,0.000000,0.000000,0.000000
1542418893.550000,0.000000,0.000000,0.000000,0.000000,0.000000,0.000000,0.000000
1542418893.600000,0.000000,0.000000,0.000000,0.000000,0.000000,0.000000,0.000000
1542418893.650000,0.000000,0.000000,0.000000,0.000000,0.000000,0.000000,0.000000
1542418893.700000,0.000000,0.000000,0.000000,0.000000,0.000000,0.000000,0.000000
1542418893.750000,0.000000,0.000000,0.000000,0.000000,0.000000,0.000000,0.000000
1542418893.800000,0.000000,0.000000,0.000000,0.000000,0.000000,0.000000,0.000000
1542418893.850000,0.000000,0.000000,0.000000,0.000000,0.000000,0.000000,0.000000
1542418893.900000,0.000000,0.000000,0.000000,0.000000,0.000000,0.000000,0.000000
1542418893.950000,0.000000,0.000000,0.000000,0.000000,0.000000,0.000000,0.000000
1542418894.000000,0.000000,0.000000,0.000000,0.000000,0.000000,0.000000,0.000000
1542418894.050000,0.000000,0.000000,0.000000,0.000000,0.000000,0.000000,0.000000
1542418894.100000,0.000000,0.000000,0.000000,0.000000,0.000000,0.000000,0.000000
1542418894.150000,0.000000,0.000000,0.000000,0.000000,0.000000,0.000000,0.000000
1542418894.200000,0.000000,0.000000,0.000000,0.000000,0.000000,0.000000,0.000000
1542418894.250000,0.000000,0.000000,0.000000,0.000000,0.000000,0.000000,0.000000
1542418894.300000,0.000000,0.000000,0.000000,0.000000,0.000000,0.000000,0.000000
1542418894.350000,0.000000,0.000000,0.000000,0.000000,0.000000,0.000000,0.000000
1542418894.400000,0.000000,0.000000,0.000000,0.000000,0.000000,0.000000,0.000000
1542418894.450000,0.000000,0.000000,0.000000,0.000000,0.000000,0.000000,0.000000
1542418894.500000,0.000000,0.000000,0.000000,0.000000,0.000000,0.000000,0.000000
1542418894.550000,0.000000,0.000000,0.000000,0.000000,0.000000,0.000000,0.000000
1542418894.600000,0.000000,0.000000,0.000000,0.000000,0.000000,0.000000,0.000000
1542418894.650000,0.000000,0.000000,0.000000,0.000000,0.000000,0.000000,0.000000
1542418894.700000,0.000000,0.000000,0.000000,0.000000,0.000000,0.000000,0.000000
1542418894.750000,0.000000,0.000000,0.000000,0.000000,0.000000,0.000000,0.000000
1542418894.800000,0.000000,0.000000,0.000000,0.000000,0.000000,0.000000,0.000000
1542418894.850000,0.000000,0.000000,0.000000,0.000000,0.000000,0.000000,0.000000
1542418894.900000,0.000000,0.000000,0.000000,0.000000,0.000000,0.000000,0.000000
1542418894.950000,0.000000,0.000000,0.000000,0.000000,0.000000,0.000000,0.000000
1542418895.000000,0.000000,0.000000,0.000000,0.000000,0.000000,0.000000,0.000000
1542418895.050000,0.000000,0.000000,0.000000,0.000000,0.000000,0.000000,0.000000
1542418895.100000,0.000000,0.000000,0.000000,0.000000,0.000000,0.000000,0.000000
1542418895.150000,0.000000,0.000000,0.000000,0.000000,0.000000,0.000000,0.000000
1542418895.200000,0.000000,0.000000,0.000000,0.000000,0.000000,0.000000,0.000000
1542418895.250000,0.000000,0.000000,0.000000,0.000000,0.000000,0.000000,0.000000
1542418895.300000,0.000000,0.000000,0.000000,0.000000,0.000000,0.000000,0.000000
1542418895.350000,0.000000,0.000000,0.000000,0.000000,0.000000,0.000000,0.000000
1542418895.400000,0.000000,0.000000,0.000000,0.000000,0.000000,0.000000,0.000000
1542418895.450000,0.000000,0.000000,0.000000,0.000000,0.000000,0.000000,0.000000
1542418895.500000,0.000000,0.000000,0.000000,0.000000,0.000000,0.000000,0.000000
1542418895.550000,0.000000,0.000000,0.000000,0.000000,0.000000,0.000000,0.000000
1542418895.600000,0.000000,0.000000,0.000000,0.000000,0.000000,0.000000,0.000000
1542418895.650000,0.000000,0.000000,0.000000,0.000000,0.000000,0.000000,0.000000
1542418895.700000,0.000000,0.000000,0.000000,0.000000,0.000000,0.000000,0.000000
1542418895.750000,0.000000,0.000000,0.000000,0.000000,0.000000,0.000000,0.000000
1542418895.800000,0.000000,0.000000,0.000000,0.000000,0.000000,0.000000,0.000000
1542418895.850000,0.000000,0.000000,0.000000,0.000000,0.000000,0.000000,0.000000
1542418895.900000,0.000000,0.000000,0.000000,0.000000,0.000000,0.000000,0.000000
1542418895.950000,0.000000,0.000000,0.000000,0.000000,0.000000,0.000000,0.000000
1542418896.000000,0.000000,0.000000,0.000000,0.000000,0.000000,0.000000,0.000000
1542418896.050000,0.000000,0.000000,0.000000,0.000000,0.000000,0.000000,0.000000
1542418896.100000,0.000000,0.000000,0.000000,0.000000,0.000000,0.000000,0.000000
1542418896.150000,0.000000,0.000000,0.000000,0.000000,0.000000,0.000000,0.000000
1542418896.200000,0.000000,0.000000,0.000000,0.000000,0.000000,0.000000,0.000000
1542418896.250000,0.000000,0.000000,0.000000,0.000000,0.000000,0.000000,0.000000
1542418896.300000,0.000000,0.000000,0.000000,0.000000,0.000000,0.000000,0.000000
1542418896.350000,0.000000,0.000000,0.000000,0.000000,0.000000,0.000000,0.000000
1542418896.400000,0.000000,0.000000,0.000000,0.000000,0.000000,0.000000,0.000000
1542418896.450000,0.000000,0.000000,0.000000,0.000000,0.000000,0.000000,0.000000
1542418896.500000,0.000000,0.000000,0.000000,0.000000,0.000000,0.000000,0.000000
1542418896.550000,0.000000,0.000000,0.000000,0.000000,0.000000,0.000000,0.000000
1542418896.600000,0.000000,0.000000,0.000000,0.000000,0.000000,0.000000,0.000000
1542418896.650000,0.000000,0.000000,0.000000,0.000000,0.000000,0.000000,0.000000
1542418896.700000,0.000000,0.000000,0.000000,0.000000,0.000000,0.000000,0.000000
1542418896.750000,0.000000,0.000000,0.000000,0.000000,0.000000,0.000000,0.000000
1542418896.800000,0.000000,0.000000,0.000000,0.000000,0.000000,0.000000,0.000000
1542418896.850000,0.000000,0.000000,0.000000,0.000000,0.000000,0.000000,0.000000
1542418896.900000,0.000000,0.000000,0.000000,0.000000,0.000000,0.000000,0.000000
1542418896.950000,0.000000,0.000000,0.000000,0.000000,0.000000,0.000000,0.000000
1542418897.000000,0.000000,0.000000,0.000000,0.000000,0.000000,0.000000,0.000000
1542418897.050000,0.000000,0.000000,0.000000,0.000000,0.000000,0.000000,0.000000
1542418897.100000,0.000000,0.000000,0.000000,0.000000,0.000000,0.000000,0.000000
1542418897.150000,0.000000,0.000000,0.000000,0.000000,0.000000,0.000000,0.000000
1542418897.200000,0.000000,0.000000,0.000000,0.000000,0.000000,0.000000,0.000000
1542418897.250000,0.000000,0.000000,0.000000,0.000000,0.000000,0.000000,0.000000
1542418897.300000,0.000000,0.000000,0.000000,0.000000,0.000000,0.000000,0.000000
1542418897.350000,0.000000,0.000000,0.000000,0.000000,0.000000,0.000000,0.000000
1542418897.400000,0.000000,0.000000,0.000000,0.000000,0.000000,0.000000,0.000000
1542418897.450000,0.000000,0.000000,0.000000,0.000000,0.000000,0.000000,0.000000
1542418897.500000,0.000000,0.000000,0.000000,0.000000,0.000000,0.000000,0.000000
1542418897.550000,0.000000,0.000000,0.000000,0.000000,0.000000,0.000000,0.000000
1542418897.600000,0.000000,0.000000,0.000000,0.000000,0.000000,0.000000,0.000000
1542418897.650000,0.000000,0.000000,0.000000,0.000000,0.000000,0.000000,0.000000
1542418897.700000,0.000000,0.000000,0.000000,0.000000,0.000000,0.000000,0.000000
1542418897.750000,0.000000,0.000000,0.000000,0.000000,0.000000,0.000000,0.000000
1542418897.800000,0.000000,0.000000,0.000000,0.000000,0.000000,0.000000,0.000000
1542418897.850000,0.000000,0.000000,0.000000,0.000000,0.000000,0.000000,0.000000
1542418897.900000,0.000000,0.000000,0.000000,0.000000,0.000000,0.000000,0.000000
1542418897.950000,0.000000,0.000000,0.000000,0.000000,0.000000,0.000000,0.000000
1542418898.000000,0.000000,0.000000,0.000000,0.000000,0.000000,0.000000,0.000000
1542418898.050000,0.000000,0.000000,0.000000,0.000000,0.000000,0.000000,0.000000
1542418898.100000,0.000000,0.000000,0.000000,0.000000,0.000000,0.000000,0.000000
1542418898.150000,0.000000,0.000000,0.000000,0.000000,0.000000,0.000000,0.000000
1542418898.200000,0.000000,0.000000,0.000000,0.000000,0.000000,0.000000,0.000000
1542418898.250000,0.000000,0.000000,0.000000,0.000000,0.000000,0.000000,0.000000
1542418898.300000,0.000000,0.000000,0.000000,0.000000,0.000000,0.000000,0.000000
1542418898.350000,0.000000,0.000000,0.000000,0.000000,0.000000,0.000000,0.000000
1542418898.400000,0.000000,0.000000,0.000000,0.000000,0.000000,0.000000,0.000000
1542418898.450000,0.000000,0.000000,0.000000,0.000000,0.000000,0.000000,0.000000
1542418898.500000,0.000000,0.000000,0.000000,0.000000,0.000000,0.000000,0.000000
1542418898.550000,0.000000,0.000000,0.000000,0.000000,0.000000,0.000000,0.000000
1542418898.600000,0.000000,0.000000,0.000000,0.000000,0.000000,0.000000,0.000000
1542418898.650000,0.000000,0.000000,0.000000,0.000000,0.000000,0.000000,0.000000
1542418898.700000,0.000000,0.000000,0.000000,0.000000,0.000000,0.000000,0.000000
1542418898.750000,0.000000,0.000000,0.000000,0.000000,0.000000,0.000000,0.000000
1542418898.800000,0.000000,0.000000,0.000000,0.000000,0.000000,0.000000,0.000000
1542418898.850000,0.000000,0.000000,0.000000,0.000000,0.000000,0.000000,0.000000
1542418898.900000,0.000000,0.000000,0.000000,0.000000,0.000000,0.000000,0.000000
1542418898.950000,0.000000,0.000000,0.000000,0.000000,0.000000,0.000000,0.000000
1542418899.000000,0.000000,0.000000,0.000000,0.000000,0.000000,0.000000,0.000000
1542418899.050000,0.000000,0.000000,0.000000,0.000000,0.000000,0.000000,0.000000
1542418899.100000,0.000000,0.000000,0.000000,0.000000,0.000000,0.000000,0.000000
1542418899.150000,0.000000,0.000000,0.000000,0.000000,0.000000,0.000000,0.000000
1542418899.200000,0.000000,0.000000,0.000000,0.000000,0.000000,0.000000,0.000000
1542418899.250000,0.000000,0.000000,0.000000,0.000000,0.000000,0.000000,0.000000
1542418899.300000,0.000000,0.000000,0.000000,0.000000,0.000000,0.000000,0.000000
1542418899.350000,0.000000,0.000000,0.000000,0.000000,0.000000,0.000000,0.000000
1542418899.400000,0.000000,0.000000,0.000000,0.000000,0.000000,0.000000,0.000000
1542418899.450000,0.000000,0.000000,0.000000,0.000000,0.000000,0.000000,0.000000
1542418899.500000,0.000000,0.000000,0.000000,0.000000,0.000000,0.000000,0.000000
1542418899.550000,0.000000,0.000000,0.000000,0.000000,0.000000,0.000000,0.000000
1542418899.600000,0.000000,0.000000,0.000000,0.000000,0.000000,0.000000,0.000000
1542418899.650000,0.000000,0.000000,0.000000,0.000000,0.000000,0.000000,0.000000
1542418899.700000,0.000000,0.000000,0.000000,0.000000,0.000000,0.000000,0.000000
1542418899.750000,0.000000,0.000000,0.000000,0.000000,0.000000,0.000000,0.000000
1542418899.800000,0.000000,0.000000,0.000000,0.000000,0.000000,0.000000,0.000000
1542418899.850000,0.000000,0.000000,0.000000,0.000000,0.000000,0.000000,0.000000
1542418899.900000,0.000000,0.000000,0.000000,0.000000,0.000000,0.000000,0.000000
1542418899.950000,0.000000,0.000000,0.000000,0.000000,0.000000,0.000000,0.000000
1542418900.000000,0.000000,0.000000,0.000000,0.000000,0.000000,0.000000,0.000000
1542418900.050000,0.000000,0.000000,0.000000,0.000000,0.000000,0.000000,0.000000
1542418900.100000,0.000000,0.000000,0.000000,0.000000,0.000000,0.000000,0.000000
1542418900.150000,0.000000,0.000000,0.000000,0.000000,0.000000,0.000000,0.000000
1542418900.200000,0.000000,0.000000,0.000000,0.000000,0.000000,0.000000,0.000000
1542418900.250000,0.000000,0.000000,0.000000,0.000000,0.000000,0.000000,0.000000
1542418900.300000,0.000000,0.000000,0.000000,0.000000,0.000000,0.000000,0.000000
1542418900.350000,0.000000,0.000000,0.000000,0.000000,0.000000,0.000000,0.000000
1542418900.400000,0.000000,0.000000,0.000000,0.000000,0.000000,0.000000,0.000000
1542418900.450000,0.000000,0.000000,0.000000,0.000000,0.000000,0.000000,0.000000
1542418900.500000,0.000000,0.000000,0.000000,0.000000,0.000000,0.000000,0.000000
1542418900.550000,0.000000,0.000000,0.000000,0.000000,0.000000,0.000000,0.000000
1542418900.600000,0.000000,0.000000,0.000000,0.000000,0.000000,0.000000,0.000000
1542418900.650000,0.000000,0.000000,0.000000,0.000000,0.000000,0.000000,0.000000
1542418900.700000,0.000000,0.000000,0.000000,0.000000,0.000000,0.000000,0.000000
1542418900.750000,0.000000,0.000000,0.000000,0.000000,0.000000,0.000000,0.000000
1542418900.800000,0.000000,0.000000,0.000000,0.000000,0.000000,0.000000,0.000000
1542418900.850000,0.000000,0.000000,0.000000,0.000000,0.000000,0.000000,0.000000
1542418900.900000,0.000000,0.000000,0.000000,0.000000,0.000000,0.000000,0.000000
1542418900.950000,0.000000,0.000000,0.000000,0.000000,0.000000,0.000000,0.000000
1542418901.000000,0.000000,0.000000,0.000000,0.000000,0.000000,0.000000,0.000000
1542418901.050000,0.000000,0.000000,0.000000,0.000000,0.000000,0.000000,0.000000
1542418901.100000,0.000000,0.000000,0.000000,0.000000,0.000000,0.000000,0.000000
1542418901.150000,0.000000,0.000000,0.000000,0.000000,0.000000,0.000000,0.000000
1542418901.200000,0.000000,0.000000,0.000000,0.000000,0.000000,0.000000,0.000000
1542418901.250000,0.000000,0.000000,0.000000,0.000000,0.000000,0.000000,0.000000
1542418901.300000,0.000000,0.000000,0.000000,0.000000,0.000000,0.000000,0.000000
1542418901.350000,0.000000,0.000000,0.000000,0.000000,0.000000,0.000000,0.000000
1542418901.400000,0.000000,0.000000,0.000000,0.000000,0.000000,0.000000,0.000000
1542418901.450000,0.000000,0.000000,0.000000,0.000000,0.000000,0.000000,0.000000
1542418901.500000,0.000000,0.000000,0.000000,0.000000,0.000000,0.000000,0.000000
1542418901.550000,0.000000,0.000000,0.000000,0.000000,0.000000,0.000000,0.000000
1542418901.600000,0.000000,0.000000,0.000000,0.000000,0.000000,0.000000,0.000000
1542418901.650000,0.000000,0.000000,0.000000,0.000000,0.000000,0.000000,0.000000
1542418901.700000,0.000000,0.000000,0.000000,0.000000,0.000000,0.000000,0.000000
1542418901.750000,0.000000,0.000000,0.000000,0.000000,0.000000,0.000000,0.000000
1542418901.800000,0.000000,0.000000,0.000000,0.000000,0.000000,0.000000,0.000000
1542418901.850000,0.000000,0.000000,0.000000,0.000000,0.000000,0.000000,0.000000
1542418901.900000,0.000000,0.000000,0.000000,0.000000,0.000000,0.000000,0.000000
1542418901.950000,0.000000,0.000000,0.000000,0.000000,0.000000,0.000000,0.000000
1542418902.000000,0.000000,0.000000,0.000000,0.000000,0.000000,0.000000,0.000000
1542418902.050000,0.000000,0.000000,0.000000,0.000000,0.000000,0.000000,0.000000
1542418902.100000,0.000000,0.000000,0.000000,0.000000,0.000000,0.000000,0.000000
1542418902.150000,0.000000,0.000000,0.000000,0.000000,0.000000,0.000000,0.000000
1542418902.200000,0.000000,0.000000,0.000000,0.000000,0.000000,0.000000,0.000000
1542418902.250000,0.000000,0.000000,0.000000,0.000000,0.000000,0.000000,0.000000
1542418902.300000,0.000000,0.000000,0.000000,0.000000,0.000000,0.000000,0.000000
1542418902.350000,0.000000,0.000000,0.000000,0.000000,0.000000,0.000000,0.000000
1542418902.400000,0.000000,0.000000,0.000000,0.000000,0.000000,0.000000,0.000000
1542418902.450000,0.000000,0.000000,0.000000,0.000000,0.000000,0.000000,0.000000
1542418902.500000,0.000000,0.000000,0.000000,0.000000,0.000000,0.000000,0.000000
1542418902.550000,0.000000,0.000000,0.000000,0.000000,0.000000,0.000000,0.000000
1542418902.600000,0.000000,0.000000,0.000000,0.000000,0.000000,0.000000,0.000000
1542418902.650000,0.000000,0.000000,0.000000,0.000000,0.000000,0.000000,0.000000
1542418902.700000,0.000000,0.000000,0.000000,0.000000,0.000000,0.000000,0.000000
1542418902.750000,0.000000,0.000000,0.000000,0.000000,0.000000,0.000000,0.000000
1542418902.800000,0.000000,0.000000,0.000000,0.000000,0.000000,0.000000,0.000000
1542418902.850000,0.000000,0.000000,0.000000,0.000000,0.000000,0.000000,0.000000
1542418902.900000,0.000000,0.000000,0.000000,0.000000,0.000000,0.000000,0.000000
1542418902.950000,0.000000,0.000000,0.000000,0.000000,0.000000,0.000000,0.000000
1542418903.000000,0.000000,0.000000,0.000000,0.000000,0.000000,0.000000,0.000000
1542418903.050000,0.000000,0.000000,0.000000,0.000000,0.000000,0.000000,0.000000
1542418903.100000,0.000000,0.000000,0.000000,0.000000,0.000000,0.000000,0.000000
1542418903.150000,0.000000,0.000000,0.000000,0.000000,0.000000,0.000000,0.000000
1542418903.200000,0.000000,0.000000,0.000000,0.000000,0.000000,0.000000,0.000000
1542418903.250000,0.000000,0.000000,0.000000,0.000000,0.000000,0.000000,0.000000
1542418903.300000,0.000000,0.000000,0.000000,0.000000,0.000000,0.000000,0.000000
1542418903.350000,0.000000,0.000000,0.000000,0.000000,0.000000,0.000000,0.000000
1542418903.400000,0.000000,0.000000,0.000000,0.000000,0.000000,0.000000,0.000000
1542418903.450000,0.000000,0.000000,0.000000,0.000000,0.000000,0.000000,0.000000
1542418903.500000,0.000000,0.000000,0.000000,0.000000,0.000000,0.000000,0.000000
1542418903.550000,0.000000,0.000000,0.000000,0.000000,0.000000,0.000000,0.000000
1542418903.600000,0.000000,0.000000,0.000000,0.000000,0.000000,0.000000,0.000000
1542418903.650000,0.000000,0.000000,0.000000,0.000000,0.000000,0.000000,0.000000
1542418903.700000,0.000000,0.000000,0.000000,0.000000,0.000000,0.000000,0.000000
1542418903.750000,0.000000,0.000000,0.000000,0.000000,0.000000,0.000000,0.000000
1542418903.800000,0.000000,0.000000,0.000000,0.000000,0.000000,0.000000,0.000000
1542418903.850000,0.000000,0.000000,0.000000,0.000000,0.000000,0.000000,0.000000
1542418903.900000,0.000000,0.000000,0.000000,0.000000,0.000000,0.000000,0.000000
1542418903.950000,0.000000,0.000000,0.000000,0.000000,0.000000,0.000000,0.000000
1542418904.000000,0.000000,0.000000,0.000000,0.000000,0.000000,0.000000,0.000000
1542418904.050000,0.000000,0.000000,0.000000,0.000000,0.000000,0.000000,0.000000
1542418904.100000,0.000000,0.000000,0.000000,0.000000,0.000000,0.000000,0.000000
1542418904.150000,0.000000,0.000000,0.000000,0.000000,0.000000,0.000000,0.000000
1542418904.200000,0.000000,0.000000,0.000000,0.000000,0.000000,0.000000,0.000000
1542418904.250000,0.000000,0.000000,0.000000,0.000000,0.000000,0.000000,0.000000
1542418904.300000,0.000000,0.000000,0.000000,0.000000,0.000000,0.000000,0.000000
1542418904.350000,0.000000,0.000000,0.000000,0.000000,0.000000,0.000000,0.000000
1542418904.400000,0.000000,0.000000,0.000000,0.000000,0.000000,0.000000,0.000000
1542418904.450000,0.000000,0.000000,0.000000,0.000000,0.000000,0.000000,0.000000
1542418904.500000,0.000000,0.000000,0.000000,0.000000,0.000000,0.000000,0.000000
1542418904.550000,0.000000,0.000000,0.000000,0.000000,0.000000,0.000000,0.000000
1542418904.600000,0.000000,0.000000,0.000000,0.000000,0.000000,0.000000,0.000000
1542418904.650000,0.000000,0.000000,0.000000,0.000000,0.000000,0.000000,0.000000
1542418904.700000,0.000000,0.000000,0.000000,0.000000,0.000000,0.000000,0.000000
1542418904.750000,0.000000,0.000000,0.000000,0.000000,0.000000,0.000000,0.000000
1542418904.800000,0.000000,0.000000,0.000000,0.000000,0.000000,0.000000,0.000000
1542418904.850000,0.000000,0.000000,0.000000,0.000000,0.000000,0.000000,0.000000
1542418904.900000,0.000000,0.000000,0.000000,0.000000,0.000000,0.000000,0.000000
1542418904.950000,0.000000,0.000000,0.000000,0.000000,0.000000,0.000000,0.000000
1542418905.000000,0.000000,0.000000,0.000000,0.000000,0.000000,0.000000,0.000000
1542418905.050000,0.000000,0.000000,0.000000,0.000000,0.000000,0.000000,0.000000
1542418905.100000,0.000000,0.000000,0.000000,0.000000,0.000000,0.000000,0.000000
1542418905.150000,0.000000,0.000000,0.000000,0.000000,0.000000,0.000000,0.000000
1542418905.200000,0.000000,0.000000,0.000000,0.000000,0.000000,0.000000,0.000000
1542418905.250000,0.000000,0.000000,0.000000,0.000000,0.000000,0.000000,0.000000
1542418905.300000,0.000000,0.000000,0.000000,0.000000,0.000000,0.000000,0.000000
1542418905.350000,0.000000,0.000000,0.000000,0.000000,0.000000,0.000000,0.000000
1542418905.400000,0.000000,0.000000,0.000000,0.000000,0.000000,0.000000,0.000000
1542418905.450000,0.000000,0.000000,0.000000,0.000000,0.000000,0.000000,0.000000
1542418905.500000,0.000000,0.000000,0.000000,0.000000,0.000000,0.000000,0.000000
1542418905.550000,0.000000,0.000000,0.000000,0.000000,0.000000,0.000000,0.000000
1542418905.600000,0.000000,0.000000,0.000000,0.000000,0.000000,0.000000,0.000000
1542418905.650000,0.000000,0.000000,0.000000,0.000000,0.000000,0.000000,0.000000
1542418905.700000,0.000000,0.000000,0.000000,0.000000,0.000000,0.000000,0.000000
1542418905.750000,0.000000,0.000000,0.000000,0.000000,0.000000,0.000000,0.000000
1542418905.800000,0.000000,0.000000,0.000000,0.000000,0.000000,0.000000,0.000000
1542418905.850000,0.000000,0.000000,0.000000,0.000000,0.000000,0.000000,0.000000
1542418905.900000,0.000000,0.000000,0.000000,0.000000,0.000000,0.000000,0.000000
1542418905.950000,0.000000,0.000000,0.000000,0.000000,0.000000,0.000000,0.000000
1542418906.000000,0.000000,0.000000,0.000000,0.000000,0.000000,0.000000,0.000000
1542418906.050000,0.000000,0.000000,0.000000,0.000000,0.000000,0.000000,0.000000
1542418906.100000,0.000000,0.000000,0.000000,0.000000,0.000000,0.000000,0.000000
1542418906.150000,0.000000,0.000000,0.000000,0.000000,0.000000,0.000000,0.000000
1542418906.200000,0.000000,0.000000,0.000000,0.000000,0.000000,0.000000,0.000000
1542418906.250000,0.000000,0.000000,0.000000,0.000000,0.000000,0.000000,0.000000
1542418906.300000,0.000000,0.000000,0.000000,0.000000,0.000000,0.000000,0.000000
1542418906.350000,0.000000,0.000000,0.000000,0.000000,0.000000,0.000000,0.000000
1542418906.400000,0.000000,0.000000,0.000000,0.000000,0.000000,0.000000,0.000000
1542418906.450000,0.000000,0.000000,0.000000,0.000000,0.000000,0.000000,0.000000
1542418906.500000,0.000000,0.000000,0.000000,0.000000,0.000000,0.000000,0.000000
1542418906.550000,0.000000,0.000000,0.000000,0.000000,0.000000,0.000000,0.000000
1542418906.600000,0.000000,0.000000,0.000000,0.000000,0.000000,0.000000,0.000000
1542418906.650000,0.000000,0.000000,0.000000,0.000000,0.000000,0.000000,0.000000
1542418906.700000,0.000000,0.000000,0.000000,0.000000,0.000000,0.000000,0.000000
1542418906.750000,0.000000,0.000000,0.000000,0.000000,0.000000,0.000000,0.000000
1542418906.800000,0.000000,0.000000,0.000000,0.000000,0.000000,0.000000,0.000000
1542418906.850000,0.000000,0.000000,0.000000,0.000000,0.000000,0.000000,0.000000
1542418906.900000,0.000000,0.000000,0.000000,0.000000,0.000000,0.000000,0.000000
1542418906.950000,0.000000,0.000000,0.000000,0.000000,0.000000,0.000000,0.000000
1542418907.000000,0.000000,0.000000,0.000000,0.000000,0.000000,0.000000,0.000000
1542418907.050000,0.000000,0.000000,0.000000,0.000000,0.000000,0.000000,0.000000
1542418907.100000,0.000000,0.000000,0.000000,0.000000,0.000000,0.000000,0.000000
1542418907.150000,0.000000,0.000000,0.000000,0.000000,0.000000,0.000000,0.000000
1542418907.200000,0.000000,0.000000,0.000000,0.000000,0.000000,0.000000,0.000000
1542418907.250000,0.000000,0.000000,0.000000,0.000000,0.000000,0.000000,0.000000
1542418907.300000,0.000000,0.000000,0.000000,0.000000,0.000000,0.000000,0.000000
1542418907.350000,0.000000,0.000000,0.000000,0.000000,0.000000,0.000000,0.000000
1542418907.400000,0.000000,0.000000,0.000000,0.000000,0.000000,0.000000,0.000000
1542418907.450000,0.000000,0.000000,0.000000,0.000000,0.000000,0.000000,0.000000
1542418907.500000,0.000000,0.000000,0.000000,0.000000,0.000000,0.000000,0.000000
1542418907.550000,0.000000,0.000000,0.000000,0.000000,0.000000,0.000000,0.000000
1542418907.600000,0.000000,0.000000,0.000000,0.000000,0.000000,0.000000,0.000000
1542418907.650000,0.000000,0.000000,0.000000,0.000000,0.000000,0.000000,0.000000
1542418907.700000,0.000000,0.000000,0.000000,0.000000,0.000000,0.000000,0.000000
1542418907.750000,0.000000,0.000000,0.000000,0.000000,0.000000,0.000000,0.000000
1542418907.800000,0.000000,0.000000,0.000000,0.000000,0.000000,0.000000,0.000000
1542418907.850000,0.000000,0.000000,0.000000,0.000000,0.000000,0.000000,0.000000
1542418907.900000,0.000000,0.000000,0.000000,0.000000,0.000000,0.000000,0.000000
1542418907.950000,0.000000,0.000000,0.000000,0.000000,0.000000,0.000000,0.000000
1542418908.000000,0.000000,0.000000,0.000000,0.000000,0.000000,0.000000,0.000000
1542418908.050000,0.000000,0.000000,0.000000,0.000000,0.000000,0.000000,0.000000
1542418908.100000,0.000000,0.000000,0.000000,0.000000,0.000000,0.000000,0.000000
1542418908.150000,0.000000,0.000000,0.000000,0.000000,0.000000,0.000000,0.000000
1542418908.200000,0.000000,0.000000,0.000000,0.000000,0.000000,0.000000,0.000000
1542418908.250000,0.000000,0.000000,0.000000,0.000000,0.000000,0.000000,0.000000
1542418908.300000,0.000000,0.000000,0.000000,0.000000,0.000000,0.000000,0.000000
1542418908.350000,0.000000,0.000000,0.000000,0.000000,0.000000,0.000000,0.000000
1542418908.400000,0.000000,0.000000,0.000000,0.000000,0.000000,0.000000,0.000000
1542418908.450000,0.000000,0.000000,0.000000,0.000000,0.000000,0.000000,0.000000
1542418908.500000,0.000000,0.000000,0.000000,0.000000,0.000000,0.000000,0.000000
1542418908.550000,0.000000,0.000000,0.000000,0.000000,0.000000,0.000000,0.000000
1542418908.600000,0.000000,0.000000,0.000000,0.000000,0.000000,0.000000,0.000000
1542418908.650000,0.000000,0.000000,0.000000,0.000000,0.000000,0.000000,0.000000
1542418908.700000,0.000000,0.000000,0.000000,0.000000,0.000000,0.000000,0.000000
1542418908.750000,0.000000,0.000000,0.000000,0.000000,0.000000,0.000000,0.000000
1542418908.800000,0.000000,0.000000,0.000000,0.000000,0.000000,0.000000,0.000000
1542418908.850000,0.000000,0.000000,0.000000,0.000000,0.000000,0.000000,0.000000
1542418908.900000,0.000000,0.000000,0.000000,0.000000,0.000000,0.000000,0.000000
1542418908.950000,0.000000,0.000000,0.000000,0.000000,0.000000,0.000000,0.000000
1542418909.000000,0.000000,0.000000,0.000000,0.000000,0.000000,0.000000,0.000000
1542418909.050000,0.000000,0.000000,0.000000,0.000000,0.000000,0.000000,0.000000
1542418909.100000,0.000000,0.000000,0.000000,0.000000,0.000000,0.000000,0.000000
1542418909.150000,0.000000,0.000000,0.000000,0.000000,0.000000,0.000000,0.000000
1542418909.200000,0.000000,0.000000,0.000000,0.000000,0.000000,0.000000,0.000000
1542418909.250000,0.000000,0.000000,0.000000,0.000000,0.000000,0.000000,0.000000
1542418909.300000,0.000000,0.000000,0.000000,0.000000,0.000000,0.000000,0.000000
1542418909.350000,0.000000,0.000000,0.000000,0.000000,0.000000,0.000000,0.000000
1542418909.400000,0.000000,0.000000,0.000000,0.000000,0.000000,0.000000,0.000000
1542418909.450000,0.000000,0.000000,0.000000,0.000000,0.000000,0.000000,0.000000
1542418909.500000,0.000000,0.000000,0.000000,0.000000,0.000000,0.000000,0.000000
1542418909.550000,0.000000,0.000000,0.000000,0.000000,0.000000,0.000000,0.000000
1542418909.600000,0.000000,0.000000,0.000000,0.000000,0.000000,0.000000,0.000000
1542418909.650000,0.000000,0.000000,0.000000,0.000000,0.000000,0.000000,0.000000
1542418909.700000,0.000000,0.000000,0.000000,0.000000,0.000000,0.000000,0.000000
1542418909.750000,0.000000,0.000000,0.000000,0.000000,0.000000,0.000000,0.000000
1542418909.800000,0.000000,0.000000,0.000000,0.000000,0.000000,0.000000,0.000000
1542418909.850000,0.000000,0.000000,0.000000,0.000000,0.000000,0.000000,0.000000
1542418909.900000,0.000000,0.000000,0.000000,0.000000,0.000000,0.000000,0.000000
1542418909.950000,0.000000,0.000000,0.000000,0.000000,0.000000,0.000000,0.000000
1542418910.000000,0.000000,0.000000,0.000000,0.000000,0.000000,0.000000,0.000000
1542418910.050000,0.000000,0.000000,0.000000,0.000000,0.000000,0.000000,0.000000
1542418910.100000,0.000000,0.000000,0.000000,0.000000,0.000000,0.000000,0.000000
1542418910.150000,0.000000,0.000000,0.000000,0.000000,0.000000,0.000000,0.000000
1542418910.200000,0.000000,0.000000,0.000000,0.000000,0.000000,0.000000,0.000000
1542418910.250000,0.000000,0.000000,0.000000,0.000000,0.000000,0.000000,0.000000
1542418910.300000,0.000000,0.000000,0.000000,0.000000,0.000000,0.000000,0.000000
1542418910.350000,0.000000,0.000000,0.000000,0.000000,0.000000,0.000000,0.000000
1542418910.400000,0.000000,0.000000,0.000000,0.000000,0.000000,0.000000,0.000000
1542418910.450000,0.000000,0.000000,0.000000,0.000000,0.000000,0.000000,0.000000
1542418910.500000,0.000000,0.000000,0.000000,0.000000,0.000000,0.000000,0.000000
1542418910.550000,0.000000,0.000000,0.000000,0.000000,0.000000,0.000000,0.000000
1542418910.600000,0.000000,0.000000,0.000000,0.000000,0.000000,0.000000,0.000000
1542418910.650000,0.000000,0.000000,0.000000,0.000000,0.000000,0.000000,0.000000
1542418910.700000,0.000000,0.000000,0.000000,0.000000,0.000000,0.000000,0.000000
1542418910.750000,0.000000,0.000000,0.000000,0.000000,0.000000,0.000000,0.000000
1542418910.800000,0.000000,0.000000,0.000000,0.000000,0.000000,0.000000,0.000000
1542418910.850000,0.000000,0.000000,0.000000,0.000000,0.000000,0.000000,0.000000
1542418910.900000,0.000000,0.000000,0.000000,0.000000,0.000000,0.000000,0.000000
1542418910.950000,0.000000,0.000000,0.000000,0.000000,0.000000,0.000000,0.000000
1542418911.000000,0.000000,0.000000,0.000000,0.000000,0.000000,0.000000,0.000000
1542418911.050000,0.000000,0.000000,0.000000,0.000000,0.000000,0.000000,0.000000
1542418911.100000,0.000000,0.000000,0.000000,0.000000,0.000000,0.000000,0.000000
1542418911.150000,0.000000,0.000000,0.000000,0.000000,0.000000,0.000000,0.000000
1542418911.200000,0.000000,0.000000,0.000000,0.000000,0.000000,0.000000,0.000000
1542418911.250000,0.000000,0.000000,0.000000,0.000000,0.000000,0.000000,0.000000
1542418911.300000,0.000000,0.000000,0.000000,0.000000,0.000000,0.000000,0.000000
1542418911.350000,0.000000,0.000000,0.000000,0.000000,0.000000,0.000000,0.000000
1542418911.400000,0.000000,0.000000,0.000000,0.000000,0.000000,0.000000,0.000000
1542418911.450000,0.000000,0.000000,0.000000,0.000000,0.000000,0.000000,0.000000
1542418911.500000,0.000000,0.000000,0.000000,0.000000,0.000000,0.000000,0.000000
1542418911.550000,0.000000,0.000000,0.000000,0.000000,0.000000,0.000000,0.000000
1542418911.600000,0.000000,0.000000,0.000000,0.000000,0.000000,0.000000,0.000000
1542418911.650000,0.000000,0.000000,0.000000,0.000000,0.000000,0.000000,0.000000
1542418911.700000,0.000000,0.000000,0.000000,0.000000,0.000000,0.000000,0.000000
1542418911.750000,0.000000,0.000000,0.000000,0.000000,0.000000,0.000000,0.000000
1542418911.800000,0.000000,0.000000,0.000000,0.000000,0.000000,0.000000,0.000000
1542418911.850000,0.000000,0.000000,0.000000,0.000000,0.000000,0.000000,0.000000
1542418911.900000,0.000000,0.000000,0.000000,0.000000,0.000000,0.000000,0.000000
1542418911.950000,0.000000,0.000000,0.000000,0.000000,0.000000,0.000000,0.000000
1542418912.000000,0.000000,0.000000,0.000000,0.000000,0.000000,0.000000,0.000000
1542418912.050000,0.000000,0.000000,0.000000,0.000000,0.000000,0.000000,0.000000
1542418912.100000,0.000000,0.000000,0.000000,0.000000,0.000000,0.000000,0.000000
1542418912.150000,0.000000,0.000000,0.000000,0.000000,0.000000,0.000000,0.000000
1542418912.200000,0.000000,0.000000,0.000000,0.000000,0.000000,0.000000,0.000000
1542418912.250000,0.000000,0.000000,0.000000,0.000000,0.000000,0.000000,0.000000
1542418912.300000,0.000000,0.000000,0.000000,0.000000,0.000000,0.000000,0.000000
1542418912.350000,0.000000,0.000000,0.000000,0.000000,0.000000,0.000000,0.000000
1542418912.400000,0.000000,0.000000,0.000000,0.000000,0.000000,0.000000,0.000000
1542418912.450000,0.000000,0.000000,0.000000,0.000000,0.000000,0.000000,0.000000
1542418912.500000,0.000000,0.000000,0.000000,0.000000,0.000000,0.000000,0.000000
1542418912.550000,0.000000,0.000000,0.000000,0.000000,0.000000,0.000000,0.000000
1542418912.600000,0.000000,0.000000,0.000000,0.000000,0.000000,0.000000,0.000000
1542418912.650000,0.000000,0.000000,0.000000,0.000000,0.000000,0.000000,0.000000
1542418912.700000,0.000000,0.000000,0.000000,0.000000,0.000000,0.000000,0.000000
1542418912.750000,0.000000,0.000000,0.000000,0.000000,0.000000,0.000000,0.000000
1542418912.800000,0.000000,0.000000,0.000000,0.000000,0.000000,0.000000,0.000000
1542418912.850000,0.000000,0.000000,0.000000,0.000000,0.000000,0.000000,0.000000
1542418912.900000,0.000000,0.000000,0.000000,0.000000,0.000000,0.000000,0.000000
1542418912.950000,0.000000,0.000000,0.000000,0.000000,0.000000,0.000000,0.000000
1542418913.000000,0.000000,0.000000,0.000000,0.000000,0.000000,0.000000,0.000000
1542418913.050000,0.000000,0.000000,0.000000,0.000000,0.000000,0.000000,0.000000
1542418913.100000,0.000000,0.000000,0.000000,0.000000,0.000000,0.000000,0.000000
1542418913.150000,0.000000,0.000000,0.000000,0.000000,0.000000,0.000000,0.000000
1542418913.200000,0.000000,0.000000,0.000000,0.000000,0.000000,0.000000,0.000000
1542418913.250000,0.000000,0.000000,0.000000,0.000000,0.000000,0.000000,0.000000
1542418913.300000,0.000000,0.000000,0.000000,0.000000,0.000000,0.000000,0.000000
1542418913.350000,0.000000,0.000000,0.000000,0.000000,0.000000,0.000000,0.000000
1542418913.400000,0.000000,0.000000,0.000000,0.000000,0.000000,0.000000,0.000000
1542418913.450000,0.000000,0.000000,0.000000,0.000000,0.000000,0.000000,0.000000
1542418913.500000,0.000000,0.000000,0.000000,0.000000,0.000000,0.000000,0.000000
1542418913.550000,0.000000,0.000000,0.000000,0.000000,0.000000,0.000000,0.000000
1542418913.600000,0.000000,0.000000,0.000000,0.000000,0.000000,0.000000,0.000000
1542418913.650000,0.000000,0.000000,0.000000,0.000000,0.000000,0.000000,0.000000
1542418913.700000,0.000000,0.000000,0.000000,0.000000,0.000000,0.000000,0.000000
1542418913.750000,0.000000,0.000000,0.000000,0.000000,0.000000,0.000000,0.000000
1542418913.800000,0.000000,0.000000,0.000000,0.000000,0.000000,0.000000,0.000000
1542418913.850000,0.000000,0.000000,0.000000,0.000000,0.000000,0.000000,0.000000
1542418913.900000,0.000000,0.000000,0.000000,0.000000,0.000000,0.000000,0.000000
1542418913.950000,0.000000,0.000000,0.000000,0.000000,0.000000,0.000000,0.000000
1542418914.000000,0.000000,0.000000,0.000000,0.000000,0.000000,0.000000,0.000000
1542418914.050000,0.000000,0.000000,0.000000,0.000000,0.000000,0.000000,0.000000
1542418914.100000,0.000000,0.000000,0.000000,0.000000,0.000000,0.000000,0.000000
1542418914.150000,0.000000,0.000000,0.000000,0.000000,0.000000,0.000000,0.000000
1542418914.200000,0.000000,0.000000,0.000000,0.000000,0.000000,0.000000,0.000000
1542418914.250000,0.000000,0.000000,0.000000,0.000000,0.000000,0.000000,0.000000
1542418914.300000,0.000000,0.000000,0.000000,0.000000,0.000000,0.000000,0.000000
1542418914.350000,0.000000,0.000000,0.000000,0.000000,0.000000,0.000000,0.000000
1542418914.400000,0.000000,0.000000,0.000000,0.000000,0.000000,0.000000,0.000000
1542418914.450000,0.000000,0.000000,0.000000,0.000000,0.000000,0.000000,0.000000
1542418914.500000,0.000000,0.000000,0.000000,0.000000,0.000000,0.000000,0.000000
1542418914.550000,0.000000,0.000000,0.000000,0.000000,0.000000,0.000000,0.000000
1542418914.600000,0.000000,0.000000,0.000000,0.000000,0.000000,0.000000,0.000000
1542418914.650000,0.000000,0.000000,0.000000,0.000000,0.000000,0.000000,0.000000
1542418914.700000,0.000000,0.000000,0.000000,0.000000,0.000000,0.000000,0.000000
1542418914.750000,0.000000,0.000000,0.000000,0.000000,0.000000,0.000000,0.000000
1542418914.800000,0.000000,0.000000,0.000000,0.000000,0.000000,0.000000,0.000000
1542418914.850000,0.000000,0.000000,0.000000,0.000000,0.000000,0.000000,0.000000
1542418914.900000,0.000000,0.000000,0.000000,0.000000,0.000000,0.000000,0.000000
1542418914.950000,0.000000,0.000000,0.000000,0.000000,0.000000,0.000000,0.000000
1542418915.000000,0.000000,0.000000,0.000000,0.000000,0.000000,0.000000,0.000000
1542418915.050000,0.000000,0.000000,0.000000,0.000000,0.000000,0.000000,0.000000
1542418915.100000,0.000000,0.000000,0.000000,0.000000,0.000000,0.000000,0.000000
1542418915.150000,0.000000,0.000000,0.000000,0.000000,0.000000,0.000000,0.000000
1542418915.200000,0.000000,0.000000,0.000000,0.000000,0.000000,0.000000,0.000000
1542418915.250000,0.000000,0.000000,0.000000,0.000000,0.000000,0.000000,0.000000
1542418915.300000,0.000000,0.000000,0.000000,0.000000,0.000000,0.000000,0.000000
1542418915.350000,0.000000,0.000000,0.000000,0.000000,0.000000,0.000000,0.000000
1542418915.400000,0.000000,0.000000,0.000000,0.000000,0.000000,0.000000,0.000000
1542418915.450000,0.000000,0.000000,0.000000,0.000000,0.000000,0.000000,0.000000
1542418915.500000,0.000000,0.000000,0.000000,0.000000,0.000000,0.000000,0.000000
1542418915.550000,0.000000,0.000000,0.000000,0.000000,0.000000,0.000000,0.000000
1542418915.600000,0.000000,0.000000,0.000000,0.000000,0.000000,0.000000,0.000000
1542418915.650000,0.000000,0.000000,0.000000,0.000000,0.000000,0.000000,0.000000
1542418915.700000,0.000000,0.000000,0.000000,0.000000,0.000000,0.000000,0.000000
1542418915.750000,0.000000,0.000000,0.000000,0.000000,0.000000,0.000000,0.000000
1542418915.800000,0.000000,0.000000,0.000000,0.000000,0.000000,0.000000,0.000000
1542418915.850000,0.000000,0.000000,0.000000,0.000000,0.000000,0.000000,0.000000
1542418915.900000,0.000000,0.000000,0.000000,0.000000,0.000000,0.000000,0.000000
1542418915.950000,0.000000,0.000000,0.000000,0.000000,0.000000,0.000000,0.000000
1542418916.000000,0.000000,0.000000,0.000000,0.000000,0.000000,0.000000,0.000000
1542418916.050000,0.000000,0.000000,0.000000,0.000000,0.000000,0.000000,0.000000
1542418916.100000,0.000000,0.000000,0.000000,0.000000,0.000000,0.000000,0.000000
1542418916.150000,0.000000,0.000000,0.000000,0.000000,0.000000,0.000000,0.000000
1542418916.200000,0.000000,0.000000,0.000000,0.000000,0.000000,0.000000,0.000000
1542418916.250000,0.000000,0.000000,0.000000,0.000000,0.000000,0.000000,0.000000
1542418916.300000,0.000000,0.000000,0.000000,0.000000,0.000000,0.000000,0.000000
1542418916.350000,0.000000,0.000000,0.000000,0.000000,0.000000,0.000000,0.000000
1542418916.400000,0.000000,0.000000,0.000000,0.000000,0.000000,0.000000,0.000000
1542418916.450000,0.000000,0.000000,0.000000,0.000000,0.000000,0.000000,0.000000
1542418916.500000,0.000000,0.000000,0.000000,0.000000,0.000000,0.000000,0.000000
1542418916.550000,0.000000,0.000000,0.000000,0.000000,0.000000,0.000000,0.000000
1542418916.600000,0.000000,0.000000,0.000000,0.000000,0.000000,0.000000,0.000000
1542418916.650000,0.000000,0.000000,0.000000,0.000000,0.000000,0.000000,0.000000
1542418916.700000,0.000000,0.000000,0.000000,0.000000,0.000000,0.000000,0.000000
1542418916.750000,0.000000,0.000000,0.000000,0.000000,0.000000,0.000000,0.000000
1542418916.800000,0.000000,0.000000,0.000000,0.000000,0.000000,0.000000,0.000000
1542418916.850000,0.000000,0.000000,0.000000,0.000000,0.000000,0.000000,0.000000
1542418916.900000,0.000000,0.000000,0.000000,0.000000,0.000000,0.000000,0.000000
1542418916.950000,0.000000,0.000000,0.000000,0.000000,0.000000,0.000000,0.000000
1542418917.000000,0.000000,0.000000,0.000000,0.000000,0.000000,0.000000,0.000000
1542418917.050000,0.000000,0.000000,0.000000,0.000000,0.000000,0.000000,0.000000
1542418917.100000,0.000000,0.000000,0.000000,0.000000,0.000000,0.000000,0.000000
1542418917.150000,0.000000,0.000000,0.000000,0.000000,0.000000,0.000000,0.000000
1542418917.200000,0.000000,0.000000,0.000000,0.000000,0.000000,0.000000,0.000000
1542418917.250000,0.000000,0.000000,0.000000,0.000000,0.000000,0.000000,0.000000
1542418917.300000,0.000000,0.000000,0.000000,0.000000,0.000000,0.000000,0.000000
1542418917.350000,0.000000,0.000000,0.000000,0.000000,0.000000,0.000000,0.000000
1542418917.400000,0.000000,0.000000,0.000000,0.000000,0.000000,0.000000,0.000000
1542418917.450000,0.000000,0.000000,0.000000,0.000000,0.000000,0.000000,0.000000
1542418917.500000,0.000000,0.000000,0.000000,0.000000,0.000000,0.000000,0.000000
1542418917.550000,0.000000,0.000000,0.000000,0.000000,0.000000,0.000000,0.000000
1542418917.600000,0.000000,0.000000,0.000000,0.000000,0.000000,0.000000,0.000000
1542418917.650000,0.000000,0.000000,0.000000,0.000000,0.000000,0.000000,0.000000
1542418917.700000,0.000000,0.000000,0.000000,0.000000,0.000000,0.000000,0.000000
1542418917.750000,0.000000,0.000000,0.000000,0.000000,0.000000,0.000000,0.000000
1542418917.800000,0.000000,0.000000,0.000000,0.000000,0.000000,0.000000,0.000000
1542418917.850000,0.000000,0.000000,0.000000,0.000000,0.000000,0.000000,0.000000
1542418917.900000,0.000000,0.000000,0.000000,0.000000,0.000000,0.000000,0.000000
1542418917.950000,0.000000,0.000000,0.000000,0.000000,0.000000,0.000000,0.000000
1542418918.000000,0.000000,0.000000,0.000000,0.000000,0.000000,0.000000,0.000000
1542418918.050000,0.000000,0.000000,0.000000,0.000000,0.000000,0.000000,0.000000
1542418918.100000,0.000000,0.000000,0.000000,0.000000,0.000000,0.000000,0.000000
1542418918.150000,0.000000,0.000000,0.000000,0.000000,0.000000,0.000000,0.000000
1542418918.200000,0.000000,0.000000,0.000000,0.000000,0.000000,0.000000,0.000000
1542418918.250000,0.000000,0.000000,0.000000,0.000000,0.000000,0.000000,0.000000
1542418918.300000,0.000000,0.000000,0.000000,0.000000,0.000000,0.000000,0.000000
1542418918.350000,0.000000,0.000000,0.000000,0.000000,0.000000,0.000000,0.000000
1542418918.400000,0.000000,0.000000,0.000000,0.000000,0.000000,0.000000,0.000000
1542418918.450000,0.000000,0.000000,0.000000,0.000000,0.000000,0.000000,0.000000
1542418918.500000,0.000000,0.000000,0.000000,0.000000,0.000000,0.000000,0.000000
1542418918.550000,0.000000,0.000000,0.000000,0.000000,0.000000,0.000000,0.000000
1542418918.600000,0.000000,0.000000,0.000000,0.000000,0.000000,0.000000,0.000000
1542418918.650000,0.000000,0.000000,0.000000,0.000000,0.000000,0.000000,0.000000
1542418918.700000,0.000000,0.000000,0.000000,0.000000,0.000000,0.000000,0.000000
1542418918.750000,0.000000,0.000000,0.000000,0.000000,0.000000,0.000000,0.000000
1542418918.800000,0.000000,0.000000,0.000000,0.000000,0.000000,0.000000,0.000000
1542418918.850000,0.000000,0.000000,0.000000,0.000000,0.000000,0.000000,0.000000
1542418918.900000,0.000000,0.000000,0.000000,0.000000,0.000000,0.000000,0.000000
1542418918.950000,0.000000,0.000000,0.000000,0.000000,0.000000,0.000000,0.000000
1542418919.000000,0.000000,0.000000,0.000000,0.000000,0.000000,0.000000,0.000000
1542418919.050000,0.000000,0.000000,0.000000,0.000000,0.000000,0.000000,0.000000
1542418919.100000,0.000000,0.000000,0.000000,0.000000,0.000000,0.000000,0.000000
1542418919.150000,0.000000,0.000000,0.000000,0.000000,0.000000,0.000000,0.000000
1542418919.200000,0.000000,0.000000,0.000000,0.000000,0.000000,0.000000,0.000000
1542418919.250000,0.000000,0.000000,0.000000,0.000000,0.000000,0.000000,0.000000
1542418919.300000,0.000000,0.000000,0.000000,0.000000,0.000000,0.000000,0.000000
1542418919.350000,0.000000,0.000000,0.000000,0.000000,0.000000,0.000000,0.000000
1542418919.400000,0.000000,0.000000,0.000000,0.000000,0.000000,0.000000,0.000000
1542418919.450000,0.000000,0.000000,0.000000,0.000000,0.000000,0.000000,0.000000
1542418919.500000,0.000000,0.000000,0.000000,0.000000,0.000000,0.000000,0.000000
1542418919.550000,0.000000,0.000000,0.000000,0.000000,0.000000,0.000000,0.000000
1542418919.600000,0.000000,0.000000,0.000000,0.000000,0.000000,0.000000,0.000000
1542418919.650000,0.000000,0.000000,0.000000,0.000000,0.000000,0.000000,0.000000
1542418919.700000,0.000000,0.000000,0.000000,0.000000,0.000000,0.000000,0.000000
1542418919.750000,0.000000,0.000000,0.000000,0.000000,0.000000,0.000000,0.000000
1542418919.800000,0.000000,0.000000,0.000000,0.000000,0.000000,0.000000,0.000000
1542418919.850000,0.000000,0.000000,0.000000,0.000000,0.000000,0.000000,0.000000
1542418919.900000,0.000000,0.000000,0.000000,0.000000,0.000000,0.000000,0.000000
1542418919.950000,0.000000,0.000000,0.000000,0.000000,0.000000,0.000000,0.000000
1542418920.000000,0.000000,0.000000,0.000000,0.000000,0.000000,0.000000,0.000000
1542418920.050000,0.000000,0.000000,0.000000,0.000000,0.000000,0.000000,0.000000
1542418920.100000,0.000000,0.000000,0.000000,0.000000,0.000000,0.000000,0.000000
1542418920.150000,0.000000,0.000000,0.000000,0.000000,0.000000,0.000000,0.000000
1542418920.200000,0.000000,0.000000,0.000000,0.000000,0.000000,0.000000,0.000000
1542418920.250000,0.000000,0.000000,0.000000,0.000000,0.000000,0.000000,0.000000
1542418920.300000,0.000000,0.000000,0.000000,0.000000,0.000000,0.000000,0.000000
1542418920.350000,0.000000,0.000000,0.000000,0.000000,0.000000,0.000000,0.000000
1542418920.400000,0.000000,0.000000,0.000000,0.000000,0.000000,0.000000,0.000000
1542418920.450000,0.000000,0.000000,0.000000,0.000000,0.000000,0.000000,0.000000
1542418920.500000,0.000000,0.000000,0.000000,0.000000,0.000000,0.000000,0.000000
1542418920.550000,0.000000,0.000000,0.000000,0.000000,0.000000,0.000000,0.000000
1542418920.600000,0.000000,0.000000,0.000000,0.000000,0.000000,0.000000,0.000000
1542418920.650000,0.000000,0.000000,0.000000,0.000000,0.000000,0.000000,0.000000
1542418920.700000,0.000000,0.000000,0.000000,0.000000,0.000000,0.000000,0.000000
1542418920.750000,0.000000,0.000000,0.000000,0.000000,0.000000,0.000000,0.000000
1542418920.800000,0.000000,0.000000,0.000000,0.000000,0.000000,0.000000,0.000000
1542418920.850000,0.000000,0.000000,0.000000,0.000000,0.000000,0.000000,0.000000
1542418920.900000,0.000000,0.000000,0.000000,0.000000,0.000000,0.000000,0.000000
1542418920.950000,0.000000,0.000000,0.000000,0.000000,0.000000,0.000000,0.000000
1542418921.000000,0.000000,0.000000,0.000000,0.000000,0.000000,0.000000,0.000000
1542418921.050000,0.000000,0.000000,0.000000,0.000000,0.000000,0.000000,0.000000
1542418921.100000,0.000000,0.000000,0.000000,0.000000,0.000000,0.000000,0.000000
1542418921.150000,0.000000,0.000000,0.000000,0.000000,0.000000,0.000000,0.000000
1542418921.200000,0.000000,0.000000,0.000000,0.000000,0.000000,0.000000,0.000000
1542418921.250000,0.000000,0.000000,0.000000,0.000000,0.000000,0.000000,0.000000
1542418921.300000,0.000000,0.000000,0.000000,0.000000,0.000000,0.000000,0.000000
1542418921.350000,0.000000,0.000000,0.000000,0.000000,0.000000,0.000000,0.000000
1542418921.400000,0.000000,0.000000,0.000000,0.000000,0.000000,0.000000,0.000000
1542418921.450000,0.000000,0.000000,0.000000,0.000000,0.000000,0.000000,0.000000
1542418921.500000,0.000000,0.000000,0.000000,0.000000,0.000000,0.000000,0.000000
1542418921.550000,0.000000,0.000000,0.000000,0.000000,0.000000,0.000000,0.000000
1542418921.600000,0.000000,0.000000,0.000000,0.000000,0.000000,0.000000,0.000000
1542418921.650000,0.000000,0.000000,0.000000,0.000000,0.000000,0.000000,0.000000
1542418921.700000,0.000000,0.000000,0.000000,0.000000,0.000000,0.000000,0.000000
1542418921.750000,0.000000,0.000000,0.000000,0.000000,0.000000,0.000000,0.000000
1542418921.800000,0.000000,0.000000,0.000000,0.000000,0.000000,0.000000,0.000000
1542418921.850000,0.000000,0.000000,0.000000,0.000000,0.000000,0.000000,0.000000
1542418921.900000,0.000000,0.000000,0.000000,0.000000,0.000000,0.000000,0.000000
1542418921.950000,0.000000,0.000000,0.000000,0.000000,0.000000,0.000000,0.000000
1542418922.000000,0.000000,0.000000,0.000000,0.000000,0.000000,0.000000,0.000000
1542418922.050000,0.000000,0.000000,0.000000,0.000000,0.000000,0.000000,0.000000
1542418922.100000,0.000000,0.000000,0.000000,0.000000,0.000000,0.000000,0.000000
1542418922.150000,0.000000,0.000000,0.000000,0.000000,0.000000,0.000000,0.000000
1542418922.200000,0.000000,0.000000,0.000000,0.000000,0.000000,0.000000,0.000000
1542418922.250000,0.000000,0.000000,0.000000,0.000000,0.000000,0.000000,0.000000
1542418922.300000,0.000000,0.000000,0.000000,0.000000,0.000000,0.000000,0.000000
1542418922.350000,0.000000,0.000000,0.000000,0.000000,0.000000,0.000000,0.000000
1542418922.400000,0.000000,0.000000,0.000000,0.000000,0.000000,0.000000,0.000000
1542418922.450000,0.000000,0.000000,0.000000,0.000000,0.000000,0.000000,0.000000
1542418922.500000,0.000000,0.000000,0.000000,0.000000,0.000000,0.000000,0.000000
1542418922.550000,0.000000,0.000000,0.000000,0.000000,0.000000,0.000000,0.000000
1542418922.600000,0.000000,0.000000,0.000000,0.000000,0.000000,0.000000,0.000000
1542418922.650000,0.000000,0.000000,0.000000,0.000000,0.000000,0.000000,0.000000
1542418922.700000,0.000000,0.000000,0.000000,0.000000,0.000000,0.000000,0.000000
1542418922.750000,0.000000,0.000000,0.000000,0.000000,0.000000,0.000000,0.000000
1542418922.800000,0.000000,0.000000,0.000000,0.000000,0.000000,0.000000,0.000000
1542418922.850000,0.000000,0.000000,0.000000,0.000000,0.000000,0.000000,0.000000
1542418922.900000,0.000000,0.000000,0.000000,0.000000,0.000000,0.000000,0.000000
1542418922.950000,0.000000,0.000000,0.000000,0.000000,0.000000,0.000000,0.000000
1542418923.000000,0.000000,0.000000,0.000000,0.000000,0.000000,0.000000,0.000000
1542418923.050000,0.000000,0.000000,0.000000,0.000000,0.000000,0.000000,0.000000
1542418923.100000,0.000000,0.000000,0.000000,0.000000,0.000000,0.000000,0.000000
1542418923.150000,0.000000,0.000000,0.000000,0.000000,0.000000,0.000000,0.000000
1542418923.200000,0.000000,0.000000,0.000000,0.000000,0.000000,0.000000,0.000000
1542418923.250000,0.000000,0.000000,0.000000,0.000000,0.000000,0.000000,0.000000
1542418923.300000,0.000000,0.000000,0.000000,0.000000,0.000000,0.000000,0.000000
1542418923.350000,0.000000,0.000000,0.000000,0.000000,0.000000,0.000000,0.000000
1542418923.400000,0.000000,0.000000,0.000000,0.000000,0.000000,0.000000,0.000000
1542418923.450000,0.000000,0.000000,0.000000,0.000000,0.000000,0.000000,0.000000
1542418923.500000,0.000000,0.000000,0.000000,0.000000,0.000000,0.000000,0.000000
1542418923.550000,0.000000,0.000000,0.000000,0.000000,0.000000,0.000000,0.000000
1542418923.600000,0.000000,0.000000,0.000000,0.000000,0.000000,0.000000,0.000000
1542418923.650000,0.000000,0.000000,0.000000,0.000000,0.000000,0.000000,0.000000
1542418923.700000,0.000000,0.000000,0.000000,0.000000,0.000000,0.000000,0.000000
1542418923.750000,0.000000,0.000000,0.000000,0.000000,0.000000,0.000000,0.000000
1542418923.800000,0.000000,0.000000,0.000000,0.000000,0.000000,0.000000,0.000000
1542418923.850000,0.000000,0.000000,0.000000,0.000000,0.000000,0.000000,0.000000
1542418923.900000,0.000000,0.000000,0.000000,0.000000,0.000000,0.000000,0.000000
1542418923.950000,0.000000,0.000000,0.000000,0.000000,0.000000,0.000000,0.000000
1542418924.000000,0.000000,0.000000,0.000000,0.000000,0.000000,0.000000,0.000000
1542418924.050000,0.000000,0.000000,0.000000,0.000000,0.000000,0.000000,0.000000
1542418924.100000,0.000000,0.000000,0.000000,0.000000,0.000000,0.000000,0.000000
1542418924.150000,0.000000,0.000000,0.000000,0.000000,0.000000,0.000000,0.000000
1542418924.200000,0.000000,0.000000,0.000000,0.000000,0.000000,0.000000,0.000000
1542418924.250000,0.000000,0.000000,0.000000,0.000000,0.000000,0.000000,0.000000
1542418924.300000,0.000000,0.000000,0.000000,0.000000,0.000000,0.000000,0.000000
1542418924.350000,0.000000,0.000000,0.000000,0.000000,0.000000,0.000000,0.000000
1542418924.400000,0.000000,0.000000,0.000000,0.000000,0.000000,0.000000,0.000000
1542418924.450000,0.000000,0.000000,0.000000,0.000000,0.000000,0.000000,0.000000
1542418924.500000,0.000000,0.000000,0.000000,0.000000,0.000000,0.000000,0.000000
1542418924.550000,0.000000,0.000000,0.000000,0.000000,0.000000,0.000000,0.000000
1542418924.600000,0.000000,0.000000,0.000000,0.000000,0.000000,0.000000,0.000000
1542418924.650000,0.000000,0.000000,0.000000,0.000000,0.000000,0.000000,0.000000
1542418924.700000,0.000000,0.000000,0.000000,0.000000,0.000000,0.000000,0.000000
1542418924.750000,0.000000,0.000000,0.000000,0.000000,0.000000,0.000000,0.000000
1542418924.800000,0.000000,0.000000,0.000000,0.000000,0.000000,0.000000,0.000000
1542418924.850000,0.000000,0.000000,0.000000,0.000000,0.000000,0.000000,0.000000
1542418924.900000,0.000000,0.000000,0.000000,0.000000,0.000000,0.000000,0.000000
1542418924.950000,0.000000,0.000000,0.000000,0.000000,0.000000,0.000000,0.000000
1542418925.000000,0.000000,0.000000,0.000000,0.000000,0.000000,0.000000,0.000000
1542418925.050000,0.000000,0.000000,0.000000,0.000000,0.000000,0.000000,0.000000
1542418925.100000,0.000000,0.000000,0.000000,0.000000,0.000000,0.000000,0.000000
1542418925.150000,0.000000,0.000000,0.000000,0.000000,0.000000,0.000000,0.000000
1542418925.200000,0.000000,0.000000,0.000000,0.000000,0.000000,0.000000,0.000000
1542418925.250000,0.000000,0.000000,0.000000,0.000000,0.000000,0.000000,0.000000
1542418925.300000,0.000000,0.000000,0.000000,0.000000,0.000000,0.000000,0.000000
1542418925.350000,0.000000,0.000000,0.000000,0.000000,0.000000,0.000000,0.000000
1542418925.400000,0.000000,0.000000,0.000000,0.000000,0.000000,0.000000,0.000000
1542418925.450000,0.000000,0.000000,0.000000,0.000000,0.000000,0.000000,0.000000
1542418925.500000,0.000000,0.000000,0.000000,0.000000,0.000000,0.000000,0.000000
1542418925.550000,0.000000,0.000000,0.000000,0.000000,0.000000,0.000000,0.000000
1542418925.600000,0.000000,0.000000,0.000000,0.000000,0.000000,0.000000,0.000000
1542418925.650000,0.000000,0.000000,0.000000,0.000000,0.000000,0.000000,0.000000
1542418925.700000,0.000000,0.000000,0.000000,0.000000,0.000000,0.000000,0.000000
1542418925.750000,0.000000,0.000000,0.000000,0.000000,0.000000,0.000000,0.000000
1542418925.800000,0.000000,0.000000,0.000000,0.000000,0.000000,0.000000,0.000000
1542418925.850000,0.000000,0.000000,0.000000,0.000000,0.000000,0.000000,0.000000
1542418925.900000,0.000000,0.000000,0.000000,0.000000,0.000000,0.000000,0.000000
1542418925.950000,0.000000,0.000000,0.000000,0.000000,0.000000,0.000000,0.000000
1542418926.000000,0.000000,0.000000,0.000000,0.000000,0.000000,0.000000,0.000000
1542418926.050000,0.000000,0.000000,0.000000,0.000000,0.000000,0.000000,0.000000
1542418926.100000,0.000000,0.000000,0.000000,0.000000,0.000000,0.000000,0.000000
1542418926.150000,0.000000,0.000000,0.000000,0.000000,0.000000,0.000000,0.000000
1542418926.200000,0.000000,0.000000,0.000000,0.000000,0.000000,0.000000,0.000000
1542418926.250000,0.000000,0.000000,0.000000,0.000000,0.000000,0.000000,0.000000
1542418926.300000,0.000000,0.000000,0.000000,0.000000,0.000000,0.000000,0.000000
1542418926.350000,0.000000,0.000000,0.000000,0.000000,0.000000,0.000000,0.000000
1542418926.400000,0.000000,0.000000,0.000000,0.000000,0.000000,0.000000,0.000000
1542418926.450000,0.000000,0.000000,0.000000,0.000000,0.000000,0.000000,0.000000
1542418926.500000,0.000000,0.000000,0.000000,0.000000,0.000000,0.000000,0.000000
1542418926.550000,0.000000,0.000000,0.000000,0.000000,0.000000,0.000000,0.000000
1542418926.600000,0.000000,0.000000,0.000000,0.000000,0.000000,0.000000,0.000000
1542418926.650000,0.000000,0.000000,0.000000,0.000000,0.000000,0.000000,0.000000
1542418926.700000,0.000000,0.000000,0.000000,0.000000,0.000000,0.000000,0.000000
1542418926.750000,0.000000,0.000000,0.000000,0.000000,0.000000,0.000000,0.000000
1542418926.800000,0.000000,0.000000,0.000000,0.000000,0.000000,0.000000,0.000000
1542418926.850000,0.000000,0.000000,0.000000,0.000000,0.000000,0.000000,0.000000
1542418926.900000,0.000000,0.000000,0.000000,0.000000,0.000000,0.000000,0.000000
1542418926.950000,0.000000,0.000000,0.000000,0.000000,0.000000,0.000000,0.000000
1542418927.000000,0.000000,0.000000,0.000000,0.000000,0.000000,0.000000,0.000000
1542418927.050000,0.000000,0.000000,0.000000,0.000000,0.000000,0.000000,0.000000
1542418927.100000,0.000000,0.000000,0.000000,0.000000,0.000000,0.000000,0.000000
1542418927.150000,0.000000,0.000000,0.000000,0.000000,0.000000,0.000000,0.000000
1542418927.200000,0.000000,0.000000,0.000000,0.000000,0.000000,0.000000,0.000000
1542418927.250000,0.000000,0.000000,0.000000,0.000000,0.000000,0.000000,0.000000
1542418927.300000,0.000000,0.000000,0.000000,0.000000,0.000000,0.000000,0.000000
1542418927.350000,0.000000,0.000000,0.000000,0.000000,0.000000,0.000000,0.000000
1542418927.400000,0.000000,0.000000,0.000000,0.000000,0.000000,0.000000,0.000000
1542418927.450000,0.000000,0.000000,0.000000,0.000000,0.000000,0.000000,0.000000
1542418927.500000,0.000000,0.000000,0.000000,0.000000,0.000000,0.000000,0.000000
1542418927.550000,0.000000,0.000000,0.000000,0.000000,0.000000,0.000000,0.000000
1542418927.600000,0.000000,0.000000,0.000000,0.000000,0.000000,0.000000,0.000000
1542418927.650000,0.000000,0.000000,0.000000,0.000000,0.000000,0.000000,0.000000
1542418927.700000,0.000000,0.000000,0.000000,0.000000,0.000000,0.000000,0.000000
1542418927.750000,0.000000,0.000000,0.000000,0.000000,0.000000,0.000000,0.000000
1542418927.800000,0.000000,0.000000,0.000000,0.000000,0.000000,0.000000,0.000000
1542418927.850000,0.000000,0.000000,0.000000,0.000000,0.000000,0.000000,0.000000
1542418927.900000,0.000000,0.000000,0.000000,0.000000,0.000000,0.000000,0.000000
1542418927.950000,0.000000,0.000000,0.000000,0.000000,0.000000,0.000000,0.000000
1542418928.000000,0.000000,0.000000,0.000000,0.000000,0.000000,0.000000,0.000000
1542418928.050000,0.000000,0.000000,0.000000,0.000000,0.000000,0.000000,0.000000
1542418928.100000,0.000000,0.000000,0.000000,0.000000,0.000000,0.000000,0.000000
1542418928.150000,0.000000,0.000000,0.000000,0.000000,0.000000,0.000000,0.000000
1542418928.200000,0.000000,0.000000,0.000000,0.000000,0.000000,0.000000,0.000000
1542418928.250000,0.000000,0.000000,0.000000,0.000000,0.000000,0.000000,0.000000
1542418928.300000,0.000000,0.000000,0.000000,0.000000,0.000000,0.000000,0.000000
1542418928.350000,0.000000,0.000000,0.000000,0.000000,0.000000,0.000000,0.000000
1542418928.400000,0.000000,0.000000,0.000000,0.000000,0.000000,0.000000,0.000000
1542418928.450000,0.000000,0.000000,0.000000,0.000000,0.000000,0.000000,0.000000
1542418928.500000,0.000000,0.000000,0.000000,0.000000,0.000000,0.000000,0.000000
1542418928.550000,0.000000,0.000000,0.000000,0.000000,0.000000,0.000000,0.000000
1542418928.600000,0.000000,0.000000,0.000000,0.000000,0.000000,0.000000,0.000000
1542418928.650000,0.000000,0.000000,0.000000,0.000000,0.000000,0.000000,0.000000
1542418928.700000,0.000000,0.000000,0.000000,0.000000,0.000000,0.000000,0.000000
1542418928.750000,0.000000,0.000000,0.000000,0.000000,0.000000,0.000000,0.000000
1542418928.800000,0.000000,0.000000,0.000000,0.000000,0.000000,0.000000,0.000000
1542418928.850000,0.000000,0.000000,0.000000,0.000000,0.000000,0.000000,0.000000
1542418928.900000,0.000000,0.000000,0.000000,0.000000,0.000000,0.000000,0.000000
1542418928.950000,0.000000,0.000000,0.000000,0.000000,0.000000,0.000000,0.000000
1542418929.000000,0.000000,0.000000,0.000000,0.000000,0.000000,0.000000,0.000000
1542418929.050000,0.000000,0.000000,0.000000,0.000000,0.000000,0.000000,0.000000
1542418929.100000,0.000000,0.000000,0.000000,0.000000,0.000000,0.000000,0.000000
1542418929.150000,0.000000,0.000000,0.000000,0.000000,0.000000,0.000000,0.000000
1542418929.200000,0.000000,0.000000,0.000000,0.000000,0.000000,0.000000,0.000000
1542418929.250000,0.000000,0.000000,0.000000,0.000000,0.000000,0.000000,0.000000
1542418929.300000,0.000000,0.000000,0.000000,0.000000,0.000000,0.000000,0.000000
1542418929.350000,0.000000,0.000000,0.000000,0.000000,0.000000,0.000000,0.000000
1542418929.400000,0.000000,0.000000,0.000000,0.000000,0.000000,0.000000,0.000000
1542418929.450000,0.000000,0.000000,0.000000,0.000000,0.000000,0.000000,0.000000
1542418929.500000,0.000000,0.000000,0.000000,0.000000,0.000000,0.000000,0.000000
1542418929.550000,0.000000,0.000000,0.000000,0.000000,0.000000,0.000000,0.000000
1542418929.600000,0.000000,0.000000,0.000000,0.000000,0.000000,0.000000,0.000000
1542418929.650000,0.000000,0.000000,0.000000,0.000000,0.000000,0.000000,0.000000
1542418929.700000,0.000000,0.000000,0.000000,0.000000,0.000000,0.000000,0.000000
1542418929.750000,0.000000,0.000000,0.000000,0.000000,0.000000,0.000000,0.000000
1542418929.800000,0.000000,0.000000,0.000000,0.000000,0.000000,0.000000,0.000000
1542418929.850000,0.000000,0.000000,0.000000,0.000000,0.000000,0.000000,0.000000
1542418929.900000,0.000000,0.000000,0.000000,0.000000,0.000000,0.000000,0.000000
1542418929.950000,0.000000,0.000000,0.000000,0.000000,0.000000,0.000000,0.000000
1542418930.000000,0.000000,0.000000,0.000000,0.000000,0.000000,0.000000,0.000000
1542418930.050000,0.000000,0.000000,0.000000,0.000000,0.000000,0.000000,0.000000
1542418930.100000,0.000000,0.000000,0.000000,0.000000,0.000000,0.000000,0.000000
1542418930.150000,0.000000,0.000000,0.000000,0.000000,0.000000,0.000000,0.000000
1542418930.200000,0.000000,0.000000,0.000000,0.000000,0.000000,0.000000,0.000000
1542418930.250000,0.000000,0.000000,0.000000,0.000000,0.000000,0.000000,0.000000
1542418930.300000,0.000000,0.000000,0.000000,0.000000,0.000000,0.000000,0.000000
1542418930.350000,0.000000,0.000000,0.000000,0.000000,0.000000,0.000000,0.000000
1542418930.400000,0.000000,0.000000,0.000000,0.000000,0.000000,0.000000,0.000000
1542418930.450000,0.000000,0.000000,0.000000,0.000000,0.000000,0.000000,0.000000
1542418930.500000,0.000000,0.000000,0.000000,0.000000,0.000000,0.000000,0.000000
1542418930.550000,0.000000,0.000000,0.000000,0.000000,0.000000,0.000000,0.000000
1542418930.600000,0.000000,0.000000,0.000000,0.000000,0.000000,0.000000,0.000000
1542418930.650000,0.000000,0.000000,0.000000,0.000000,0.000000,0.000000,0.000000
1542418930.700000,0.000000,0.000000,0.000000,0.000000,0.000000,0.000000,0.000000
1542418930.750000,0.000000,0.000000,0.000000,0.000000,0.000000,0.000000,0.000000
1542418930.800000,0.000000,0.000000,0.000000,0.000000,0.000000,0.000000,0.000000
1542418930.850000,0.000000,0.000000,0.000000,0.000000,0.000000,0.000000,0.000000
1542418930.900000,0.000000,0.000000,0.000000,0.000000,0.000000,0.000000,0.000000
1542418930.950000,0.000000,0.000000,0.000000,0.000000,0.000000,0.000000,0.000000
1542418931.000000,0.000000,0.000000,0.000000,0.000000,0.000000,0.000000,0.000000
1542418931.050000,0.000000,0.000000,0.000000,0.000000,0.000000,0.000000,0.000000
1542418931.100000,0.000000,0.000000,0.000000,0.000000,0.000000,0.000000,0.000000
1542418931.150000,0.000000,0.000000,0.000000,0.000000,0.000000,0.000000,0.000000
1542418931.200000,0.000000,0.000000,0.000000,0.000000,0.000000,0.000000,0.000000
1542418931.250000,0.000000,0.000000,0.000000,0.000000,0.000000,0.000000,0.000000
1542418931.300000,0.000000,0.000000,0.000000,0.000000,0.000000,0.000000,0.000000
1542418931.350000,0.000000,0.000000,0.000000,0.000000,0.000000,0.000000,0.000000
1542418931.400000,0.000000,0.000000,0.000000,0.000000,0.000000,0.000000,0.000000
1542418931.450000,0.000000,0.000000,0.000000,0.000000,0.000000,0.000000,0.000000
1542418931.500000,0.000000,0.000000,0.000000,0.000000,0.000000,0.000000,0.000000
1542418931.550000,0.000000,0.000000,0.000000,0.000000,0.000000,0.000000,0.000000
1542418931.600000,0.000000,0.000000,0.000000,0.000000,0.000000,0.000000,0.000000
1542418931.650000,0.000000,0.000000,0.000000,0.000000,0.000000,0.000000,0.000000
1542418931.700000,0.000000,0.000000,0.000000,0.000000,0.000000,0.000000,0.000000
1542418931.750000,0.000000,0.000000,0.000000,0.000000,0.000000,0.000000,0.000000
1542418931.800000,0.000000,0.000000,0.000000,0.000000,0.000000,0.000000,0.000000
1542418931.850000,0.000000,0.000000,0.000000,0.000000,0.000000,0.000000,0.000000
1542418931.900000,0.000000,0.000000,0.000000,0.000000,0.000000,0.000000,0.000000
1542418931.950000,0.000000,0.000000,0.000000,0.000000,0.000000,0.000000,0.000000
1542418932.000000,0.000000,0.000000,0.000000,0.000000,0.000000,0.000000,0.000000
1542418932.050000,0.000000,0.000000,0.000000,0.000000,0.000000,0.000000,0.000000
1542418932.100000,0.000000,0.000000,0.000000,0.000000,0.000000,0.000000,0.000000
1542418932.150000,0.000000,0.000000,0.000000,0.000000,0.000000,0.000000,0.000000
1542418932.200000,0.000000,0.000000,0.000000,0.000000,0.000000,0.000000,0.000000
1542418932.250000,0.000000,0.000000,0.000000,0.000000,0.000000,0.000000,0.000000
1542418932.300000,0.000000,0.000000,0.000000,0.000000,0.000000,0.000000,0.000000
1542418932.350000,0.000000,0.000000,0.000000,0.000000,0.000000,0.000000,0.000000
1542418932.400000,0.000000,0.000000,0.000000,0.000000,0.000000,0.000000,0.000000
1542418932.450000,0.000000,0.000000,0.000000,0.000000,0.000000,0.000000,0.000000
1542418932.500000,0.000000,0.000000,0.000000,0.000000,0.000000,0.000000,0.000000
1542418932.550000,0.000000,0.000000,0.000000,0.000000,0.000000,0.000000,0.000000
1542418932.600000,0.000000,0.000000,0.000000,0.000000,0.000000,0.000000,0.000000
1542418932.650000,0.000000,0.000000,0.000000,0.000000,0.000000,0.000000,0.000000
1542418932.700000,0.000000,0.000000,0.000000,0.000000,0.000000,0.000000,0.000000
1542418932.750000,0.000000,0.000000,0.000000,0.000000,0.000000,0.000000,0.000000
1542418932.800000,0.000000,0.000000,0.000000,0.000000,0.000000,0.000000,0.000000
1542418932.850000,0.000000,0.000000,0.000000,0.000000,0.000000,0.000000,0.000000
1542418932.900000,0.000000,0.000000,0.000000,0.000000,0.000000,0.000000,0.000000
1542418932.950000,0.000000,0.000000,0.000000,0.000000,0.000000,0.000000,0.000000
1542418933.000000,0.000000,0.000000,0.000000,0.000000,0.000000,0.000000,0.000000
1542418933.050000,0.000000,0.000000,0.000000,0.000000,0.000000,0.000000,0.000000
1542418933.100000,0.000000,0.000000,0.000000,0.000000,0.000000,0.000000,0.000000
1542418933.150000,0.000000,0.000000,0.000000,0.000000,0.000000,0.000000,0.000000
1542418933.200000,0.000000,0.000000,0.000000,0.000000,0.000000,0.000000,0.000000
1542418933.250000,0.000000,0.000000,0.000000,0.000000,0.000000,0.000000,0.000000
1542418933.300000,0.000000,0.000000,0.000000,0.000000,0.000000,0.000000,0.000000
1542418933.350000,0.000000,0.000000,0.000000,0.000000,0.000000,0.000000,0.000000
1542418933.400000,0.000000,0.000000,0.000000,0.000000,0.000000,0.000000,0.000000
1542418933.450000,0.000000,0.000000,0.000000,0.000000,0.000000,0.000000,0.000000
1542418933.500000,0.000000,0.000000,0.000000,0.000000,0.000000,0.000000,0.000000
1542418933.550000,0.000000,0.000000,0.000000,0.000000,0.000000,0.000000,0.000000
1542418933.600000,0.000000,0.000000,0.000000,0.000000,0.000000,0.000000,0.000000
1542418933.650000,0.000000,0.000000,0.000000,0.000000,0.000000,0.000000,0.000000
1542418933.700000,0.000000,0.000000,0.000000,0.000000,0.000000,0.000000,0.000000
1542418933.750000,0.000000,0.000000,0.000000,0.000000,0.000000,0.000000,0.000000
1542418933.800000,0.000000,0.000000,0.000000,0.000000,0.000000,0.000000,0.000000
1542418933.850000,0.000000,0.000000,0.000000,0.000000,0.000000,0.000000,0.000000
1542418933.900000,0.000000,0.000000,0.000000,0.000000,0.000000,0.000000,0.000000
1542418933.950000,0.000000,0.000000,0.000000,0.000000,0.000000,0.000000,0.000000
1542418934.000000,0.000000,0.000000,0.000000,0.000000,0.000000,0.000000,0.000000
1542418934.050000,0.000000,0.000000,0.000000,0.000000,0.000000,0.000000,0.000000
1542418934.100000,0.000000,0.000000,0.000000,0.000000,0.000000,0.000000,0.000000
1542418934.150000,0.000000,0.000000,0.000000,0.000000,0.000000,0.000000,0.000000
1542418934.200000,0.000000,0.000000,0.000000,0.000000,0.000000,0.000000,0.000000
1542418934.250000,0.000000,0.000000,0.000000,0.000000,0.000000,0.000000,0.000000
1542418934.300000,0.000000,0.000000,0.000000,0.000000,0.000000,0.000000,0.000000
1542418934.350000,0.000000,0.000000,0.000000,0.000000,0.000000,0.000000,0.000000
1542418934.400000,0.000000,0.000000,0.000000,0.000000,0.000000,0.000000,0.000000
1542418934.450000,0.000000,0.000000,0.000000,0.000000,0.000000,0.000000,0.000000
1542418934.500000,0.000000,0.000000,0.000000,0.000000,0.000000,0.000000,0.000000
1542418934.550000,0.000000,0.000000,0.000000,0.000000,0.000000,0.000000,0.000000
1542418934.600000,0.000000,0.000000,0.000000,0.000000,0.000000,0.000000,0.000000
1542418934.650000,0.000000,0.000000,0.000000,0.000000,0.000000,0.000000,0.000000
1542418934.700000,0.000000,0.000000,0.000000,0.000000,0.000000,0.000000,0.000000
1542418934.750000,0.000000,0.000000,0.000000,0.000000,0.000000,0.000000,0.000000
1542418934.800000,0.000000,0.000000,0.000000,0.000000,0.000000,0.000000,0.000000
1542418934.850000,0.000000,0.000000,0.000000,0.000000,0.000000,0.000000,0.000000
1542418934.900000,0.000000,0.000000,0.000000,0.000000,0.000000,0.000000,0.000000
1542418934.950000,0.000000,0.000000,0.000000,0.000000,0.000000,0.000000,0.000000
1542418935.000000,0.000000,0.000000,0.000000,0.000000,0.000000,0.000000,0.000000
1542418935.050000,0.000000,0.000000,0.000000,0.000000,0.000000,0.000000,0.000000
1542418935.100000,0.000000,0.000000,0.000000,0.000000,0.000000,0.000000,0.000000
1542418935.150000,0.000000,0.000000,0.000000,0.000000,0.000000,0.000000,0.000000
1542418935.200000,0.000000,0.000000,0.000000,0.000000,0.000000,0.000000,0.000000
1542418935.250000,0.000000,0.000000,0.000000,0.000000,0.000000,0.000000,0.000000
1542418935.300000,0.000000,0.000000,0.000000,0.000000,0.000000,0.000000,0.000000
1542418935.350000,0.000000,0.000000,0.000000,0.000000,0.000000,0.000000,0.000000
1542418935.400000,0.000000,0.000000,0.000000,0.000000,0.000000,0.000000,0.000000
1542418935.450000,0.000000,0.000000,0.000000,0.000000,0.000000,0.000000,0.000000
1542418935.500000,0.000000,0.000000,0.000000,0.000000,0.000000,0.000000,0.000000
1542418935.550000,0.000000,0.000000,0.000000,0.000000,0.000000,0.000000,0.000000
1542418935.600000,0.000000,0.000000,0.000000,0.000000,0.000000,0.000000,0.000000
1542418935.650000,0.000000,0.000000,0.000000,0.000000,0.000000,0.000000,0.000000
1542418935.700000,0.000000,0.000000,0.000000,0.000000,0.000000,0.000000,0.000000
1542418935.750000,0.000000,0.000000,0.000000,0.000000,0.000000,0.000000,0.000000
1542418935.800000,0.000000,0.000000,0.000000,0.000000,0.000000,0.000000,0.000000
1542418935.850000,0.000000,0.000000,0.000000,0.000000,0.000000,0.000000,0.000000
1542418935.900000,0.000000,0.000000,0.000000,0.000000,0.000000,0.000000,0.000000
1542418935.950000,0.000000,0.000000,0.000000,0.000000,0.000000,0.000000,0.000000
1542418936.000000,0.000000,0.000000,0.000000,0.000000,0.000000,0.000000,0.000000
1542418936.050000,0.000000,0.000000,0.000000,0.000000,0.000000,0.000000,0.000000
1542418936.100000,0.000000,0.000000,0.000000,0.000000,0.000000,0.000000,0.000000
1542418936.150000,0.000000,0.000000,0.000000,0.000000,0.000000,0.000000,0.000000
1542418936.200000,0.000000,0.000000,0.000000,0.000000,0.000000,0.000000,0.000000
1542418936.250000,0.000000,0.000000,0.000000,0.000000,0.000000,0.000000,0.000000
1542418936.300000,0.000000,0.000000,0.000000,0.000000,0.000000,0.000000,0.000000
1542418936.350000,0.000000,0.000000,0.000000,0.000000,0.000000,0.000000,0.000000
1542418936.400000,0.000000,0.000000,0.000000,0.000000,0.000000,0.000000,0.000000
1542418936.450000,0.000000,0.000000,0.000000,0.000000,0.000000,0.000000,0.000000
1542418936.500000,0.000000,0.000000,0.000000,0.000000,0.000000,0.000000,0.000000
1542418936.550000,0.000000,0.000000,0.000000,0.000000,0.000000,0.000000,0.000000
1542418936.600000,0.000000,0.000000,0.000000,0.000000,0.000000,0.000000,0.000000
1542418936.650000,0.000000,0.000000,0.000000,0.000000,0.000000,0.000000,0.000000
1542418936.700000,0.000000,0.000000,0.000000,0.000000,0.000000,0.000000,0.000000
1542418936.750000,0.000000,0.000000,0.000000,0.000000,0.000000,0.000000,0.000000
1542418936.800000,0.000000,0.000000,0.000000,0.000000,0.000000,0.000000,0.000000
1542418936.850000,0.000000,0.000000,0.000000,0.000000,0.000000,0.000000,0.000000
1542418936.900000,0.000000,0.000000,0.000000,0.000000,0.000000,0.000000,0.000000
1542418936.950000,0.000000,0.000000,0.000000,0.000000,0.000000,0.000000,0.000000
1542418937.000000,0.000000,0.000000,0.000000,0.000000,0.000000,0.000000,0.000000
1542418937.050000,0.000000,0.000000,0.000000,0.000000,0.000000,0.000000,0.000000
1542418937.100000,0.000000,0.000000,0.000000,0.000000,0.000000,0.000000,0.000000
1542418937.150000,0.000000,0.000000,0.000000,0.000000,0.000000,0.000000,0.000000
1542418937.200000,0.000000,0.000000,0.000000,0.000000,0.000000,0.000000,0.000000
1542418937.250000,0.000000,0.000000,0.000000,0.000000,0.000000,0.000000,0.000000
1542418937.300000,0.000000,0.000000,0.000000,0.000000,0.000000,0.000000,0.000000
1542418937.350000,0.000000,0.000000,0.000000,0.000000,0.000000,0.000000,0.000000
1542418937.400000,0.000000,0.000000,0.000000,0.000000,0.000000,0.000000,0.000000
1542418937.450000,0.000000,0.000000,0.000000,0.000000,0.000000,0.000000,0.000000
1542418937.500000,0.000000,0.000000,0.000000,0.000000,0.000000,0.000000,0.000000
1542418937.550000,0.000000,0.000000,0.000000,0.000000,0.000000,0.000000,0.000000
1542418937.600000,0.000000,0.000000,0.000000,0.000000,0.000000,0.000000,0.000000
1542418937.650000,0.000000,0.000000,0.000000,0.000000,0.000000,0.000000,0.000000
1542418937.700000,0.000000,0.000000,0.000000,0.000000,0.000000,0.000000,0.000000
1542418937.750000,0.000000,0.000000,0.000000,0.000000,0.000000,0.000000,0.000000
1542418937.800000,0.000000,0.000000,0.000000,0.000000,0.000000,0.000000,0.000000
1542418937.850000,0.000000,0.000000,0.000000,0.000000,0.000000,0.000000,0.000000
1542418937.900000,0.000000,0.000000,0.000000,0.000000,0.000000,0.000000,0.000000
1542418937.950000,0.000000,0.000000,0.000000,0.000000,0.000000,0.000000,0.000000
1542418938.000000,0.000000,0.000000,0.000000,0.000000,0.000000,0.000000,0.000000
1542418938.050000,0.000000,0.000000,0.000000,0.000000,0.000000,0.000000,0.000000
1542418938.100000,0.000000,0.000000,0.000000,0.000000,0.000000,0.000000,0.000000
1542418938.150000,0.000000,0.000000,0.000000,0.000000,0.000000,0.000000,0.000000
1542418938.200000,0.000000,0.000000,0.000000,0.000000,0.000000,0.000000,0.000000
1542418938.250000,0.000000,0.000000,0.000000,0.000000,0.000000,0.000000,0.000000
1542418938.300000,0.000000,0.000000,0.000000,0.000000,0.000000,0.000000,0.000000
1542418938.350000,0.000000,0.000000,0.000000,0.000000,0.000000,0.000000,0.000000
1542418938.400000,0.000000,0.000000,0.000000,0.000000,0.000000,0.000000,0.000000
1542418938.450000,0.000000,0.000000,0.000000,0.000000,0.000000,0.000000,0.000000
1542418938.500000,0.000000,0.000000,0.000000,0.000000,0.000000,0.000000,0.000000
1542418938.550000,0.000000,0.000000,0.000000,0.000000,0.000000,0.000000,0.000000
1542418938.600000,0.000000,0.000000,0.000000,0.000000,0.000000,0.000000,0.000000
1542418938.650000,0.000000,0.000000,0.000000,0.000000,0.000000,0.000000,0.000000
1542418938.700000,0.000000,0.000000,0.000000,0.000000,0.000000,0.000000,0.000000
1542418938.750000,0.000000,0.000000,0.000000,0.000000,0.000000,0.000000,0.000000
1542418938.800000,0.000000,0.000000,0.000000,0.000000,0.000000,0.000000,0.000000
1542418938.850000,0.000000,0.000000,0.000000,0.000000,0.000000,0.000000,0.000000
1542418938.900000,0.000000,0.000000,0.000000,0.000000,0.000000,0.000000,0.000000
1542418938.950000,0.000000,0.000000,0.000000,0.000000,0.000000,0.000000,0.000000
1542418939.000000,0.000000,0.000000,0.000000,0.000000,0.000000,0.000000,0.000000
1542418939.050000,0.000000,0.000000,0.000000,0.000000,0.000000,0.000000,0.000000
1542418939.100000,0.000000,0.000000,0.000000,0.000000,0.000000,0.000000,0.000000
1542418939.150000,0.000000,0.000000,0.000000,0.000000,0.000000,0.000000,0.000000
1542418939.200000,0.000000,0.000000,0.000000,0.000000,0.000000,0.000000,0.000000
1542418939.250000,0.000000,0.000000,0.000000,0.000000,0.000000,0.000000,0.000000
1542418939.300000,0.000000,0.000000,0.000000,0.000000,0.000000,0.000000,0.000000
1542418939.350000,0.000000,0.000000,0.000000,0.000000,0.000000,0.000000,0.000000
1542418939.400000,0.000000,0.000000,0.000000,0.000000,0.000000,0.000000,0.000000
1542418939.450000,0.000000,0.000000,0.000000,0.000000,0.000000,0.000000,0.000000
1542418939.500000,0.000000,0.000000,0.000000,0.000000,0.000000,0.000000,0.000000
1542418939.550000,0.000000,0.000000,0.000000,0.000000,0.000000,0.000000,0.000000
1542418939.600000,0.000000,0.000000,0.000000,0.000000,0.000000,0.000000,0.000000
1542418939.650000,0.000000,0.000000,0.000000,0.000000,0.000000,0.000000,0.000000
1542418939.700000,0.000000,0.000000,0.000000,0.000000,0.000000,0.000000,0.000000
1542418939.750000,0.000000,0.000000,0.000000,0.000000,0.000000,0.000000,0.000000
1542418939.800000,0.000000,0.000000,0.000000,0.000000,0.000000,0.000000,0.000000
1542418939.850000,0.000000,0.000000,0.000000,0.000000,0.000000,0.000000,0.000000
1542418939.900000,0.000000,0.000000,0.000000,0.000000,0.000000,0.000000,0.000000
1542418939.950000,0.000000,0.000000,0.000000,0.000000,0.000000,0.000000,0.000000
1542418940.000000,0.000000,0.000000,0.000000,0.000000,0.000000,0.000000,0.000000
1542418940.050000,0.000000,0.000000,0.000000,0.000000,0.000000,0.000000,0.000000
1542418940.100000,0.000000,0.000000,0.000000,0.000000,0.000000,0.000000,0.000000
1542418940.150000,0.000000,0.000000,0.000000,0.000000,0.000000,0.000000,0.000000
1542418940.200000,0.000000,0.000000,0.000000,0.000000,0.000000,0.000000,0.000000
1542418940.250000,0.000000,0.000000,0.000000,0.000000,0.000000,0.000000,0.000000
1542418940.300000,0.000000,0.000000,0.000000,0.000000,0.000000,0.000000,0.000000
1542418940.350000,0.000000,0.000000,0.000000,0.000000,0.000000,0.000000,0.000000
1542418940.400000,0.000000,0.000000,0.000000,0.000000,0.000000,0.000000,0.000000
1542418940.450000,0.000000,0.000000,0.000000,0.000000,0.000000,0.000000,0.000000
1542418940.500000,0.000000,0.000000,0.000000,0.000000,0.000000,0.000000,0.000000
1542418940.550000,0.000000,0.000000,0.000000,0.000000,0.000000,0.000000,0.000000
1542418940.600000,0.000000,0.000000,0.000000,0.000000,0.000000,0.000000,0.000000
1542418940.650000,0.000000,0.000000,0.000000,0.000000,0.000000,0.000000,0.000000
1542418940.700000,0.000000,0.000000,0.000000,0.000000,0.000000,0.000000,0.000000
1542418940.750000,0.000000,0.000000,0.000000,0.000000,0.000000,0.000000,0.000000
1542418940.800000,0.000000,0.000000,0.000000,0.000000,0.000000,0.000000,0.000000
1542418940.850000,0.000000,0.000000,0.000000,0.000000,0.000000,0.000000,0.000000
1542418940.900000,0.000000,0.000000,0.000000,0.000000,0.000000,0.000000,0.000000
1542418940.950000,0.000000,0.000000,0.000000,0.000000,0.000000,0.000000,0.000000
1542418941.000000,0.000000,0.000000,0.000000,0.000000,0.000000,0.000000,0.000000
1542418941.050000,0.000000,0.000000,0.000000,0.000000,0.000000,0.000000,0.000000
1542418941.100000,0.000000,0.000000,0.000000,0.000000,0.000000,0.000000,0.000000
1542418941.150000,0.000000,0.000000,0.000000,0.000000,0.000000,0.000000,0.000000
1542418941.200000,0.000000,0.000000,0.000000,0.000000,0.000000,0.000000,0.000000
1542418941.250000,0.000000,0.000000,0.000000,0.000000,0.000000,0.000000,0.000000
1542418941.300000,0.000000,0.000000,0.000000,0.000000,0.000000,0.000000,0.000000
1542418941.350000,0.000000,0.000000,0.000000,0.000000,0.000000,0.000000,0.000000
1542418941.400000,0.000000,0.000000,0.000000,0.000000,0.000000,0.000000,0.000000
1542418941.450000,0.000000,0.000000,0.000000,0.000000,0.000000,0.000000,0.000000
1542418941.500000,0.000000,0.000000,0.000000,0.000000,0.000000,0.000000,0.000000
1542418941.550000,0.000000,0.000000,0.000000,0.000000,0.000000,0.000000,0.000000
1542418941.600000,0.000000,0.000000,0.000000,0.000000,0.000000,0.000000,0.000000
1542418941.650000,0.000000,0.000000,0.000000,0.000000,0.000000,0.000000,0.000000
1542418941.700000,0.000000,0.000000,0.000000,0.000000,0.000000,0.000000,0.000000
1542418941.750000,0.000000,0.000000,0.000000,0.000000,0.000000,0.000000,0.000000
1542418941.800000,0.000000,0.000000,0.000000,0.000000,0.000000,0.000000,0.000000
1542418941.850000,0.000000,0.000000,0.000000,0.000000,0.000000,0.000000,0.000000
1542418941.900000,0.000000,0.000000,0.000000,0.000000,0.000000,0.000000,0.000000
1542418941.950000,0.000000,0.000000,0.000000,0.000000,0.000000,0.000000,0.000000
1542418942.000000,0.000000,0.000000,0.000000,0.000000,0.000000,0.000000,0.000000
1542418942.050000,0.000000,0.000000,0.000000,0.000000,0.000000,0.000000,0.000000
1542418942.100000,0.000000,0.000000,0.000000,0.000000,0.000000,0.000000,0.000000
1542418942.150000,0.000000,0.000000,0.000000,0.000000,0.000000,0.000000,0.000000
1542418942.200000,0.000000,0.000000,0.000000,0.000000,0.000000,0.000000,0.000000
1542418942.250000,0.000000,0.000000,0.000000,0.000000,0.000000,0.000000,0.000000
1542418942.300000,0.000000,0.000000,0.000000,0.000000,0.000000,0.000000,0.000000
1542418942.350000,0.000000,0.000000,0.000000,0.000000,0.000000,0.000000,0.000000
1542418942.400000,0.000000,0.000000,0.000000,0.000000,0.000000,0.000000,0.000000
1542418942.450000,0.000000,0.000000,0.000000,0.000000,0.000000,0.000000,0.000000
1542418942.500000,0.000000,0.000000,0.000000,0.000000,0.000000,0.000000,0.000000
1542418942.550000,0.000000,0.000000,0.000000,0.000000,0.000000,0.000000,0.000000
1542418942.600000,0.000000,0.000000,0.000000,0.000000,0.000000,0.000000,0.000000
1542418942.650000,0.000000,0.000000,0.000000,0.000000,0.000000,0.000000,0.000000
1542418942.700000,0.000000,0.000000,0.000000,0.000000,0.000000,0.000000,0.000000
1542418942.750000,0.000000,0.000000,0.000000,0.000000,0.000000,0.000000,0.000000
1542418942.800000,0.000000,0.000000,0.000000,0.000000,0.000000,0.000000,0.000000
1542418942.850000,0.000000,0.000000,0.000000,0.000000,0.000000,0.000000,0.000000
1542418942.900000,0.000000,0.000000,0.000000,0.000000,0.000000,0.000000,0.000000
1542418942.950000,0.000000,0.000000,0.000000,0.000000,0.000000,0.000000,0.000000
1542418943.000000,0.000000,0.000000,0.000000,0.000000,0.000000,0.000000,0.000000
1542418943.050000,0.000000,0.000000,0.000000,0.000000,0.000000,0.000000,0.000000
1542418943.100000,0.000000,0.000000,0.000000,0.000000,0.000000,0.000000,0.000000
1542418943.150000,0.000000,0.000000,0.000000,0.000000,0.000000,0.000000,0.000000
1542418943.200000,0.000000,0.000000,0.000000,0.000000,0.000000,0.000000,0.000000
1542418943.250000,0.000000,0.000000,0.000000,0.000000,0.000000,0.000000,0.000000
1542418943.300000,0.000000,0.000000,0.000000,0.000000,0.000000,0.000000,0.000000
1542418943.350000,0.000000,0.000000,0.000000,0.000000,0.000000,0.000000,0.000000
1542418943.400000,0.000000,0.000000,0.000000,0.000000,0.000000,0.000000,0.000000
1542418943.450000,0.000000,0.000000,0.000000,0.000000,0.000000,0.000000,0.000000
1542418943.500000,0.000000,0.000000,0.000000,0.000000,0.000000,0.000000,0.000000
1542418943.550000,0.000000,0.000000,0.000000,0.000000,0.000000,0.000000,0.000000
1542418943.600000,0.000000,0.000000,0.000000,0.000000,0.000000,0.000000,0.000000
1542418943.650000,0.000000,0.000000,0.000000,0.000000,0.000000,0.000000,0.000000
1542418943.700000,0.000000,0.000000,0.000000,0.000000,0.000000,0.000000,0.000000
1542418943.750000,0.000000,0.000000,0.000000,0.000000,0.000000,0.000000,0.000000
1542418943.800000,0.000000,0.000000,0.000000,0.000000,0.000000,0.000000,0.000000
1542418943.850000,0.000000,0.000000,0.000000,0.000000,0.000000,0.000000,0.000000
1542418943.900000,0.000000,0.000000,0.000000,0.000000,0.000000,0.000000,0.000000
1542418943.950000,0.000000,0.000000,0.000000,0.000000,0.000000,0.000000,0.000000
1542418944.000000,0.000000,0.000000,0.000000,0.000000,0.000000,0.000000,0.000000
1542418944.050000,0.000000,0.000000,0.000000,0.000000,0.000000,0.000000,0.000000
1542418944.100000,0.000000,0.000000,0.000000,0.000000,0.000000,0.000000,0.000000
1542418944.150000,0.000000,0.000000,0.000000,0.000000,0.000000,0.000000,0.000000
1542418944.200000,0.000000,0.000000,0.000000,0.000000,0.000000,0.000000,0.000000
1542418944.250000,0.000000,0.000000,0.000000,0.000000,0.000000,0.000000,0.000000
1542418944.300000,0.000000,0.000000,0.000000,0.000000,0.000000,0.000000,0.000000
1542418944.350000,0.000000,0.000000,0.000000,0.000000,0.000000,0.000000,0.000000
1542418944.400000,0.000000,0.000000,0.000000,0.000000,0.000000,0.000000,0.000000
1542418944.450000,0.000000,0.000000,0.000000,0.000000,0.000000,0.000000,0.000000
1542418944.500000,0.000000,0.000000,0.000000,0.000000,0.000000,0.000000,0.000000
1542418944.550000,0.000000,0.000000,0.000000,0.000000,0.000000,0.000000,0.000000
1542418944.600000,0.000000,0.000000,0.000000,0.000000,0.000000,0.000000,0.000000
1542418944.650000,0.000000,0.000000,0.000000,0.000000,0.000000,0.000000,0.000000
1542418944.700000,0.000000,0.000000,0.000000,0.000000,0.000000,0.000000,0.000000
1542418944.750000,0.000000,0.000000,0.000000,0.000000,0.000000,0.000000,0.000000
1542418944.800000,0.000000,0.000000,0.000000,0.000000,0.000000,0.000000,0.000000
1542418944.850000,0.000000,0.000000,0.000000,0.000000,0.000000,0.000000,0.000000
1542418944.900000,0.000000,0.000000,0.000000,0.000000,0.000000,0.000000,0.000000
1542418944.950000,0.000000,0.000000,0.000000,0.000000,0.000000,0.000000,0.000000
1542418945.000000,0.000000,0.000000,0.000000,0.000000,0.000000,0.000000,0.000000
1542418945.050000,0.000000,0.000000,0.000000,0.000000,0.000000,0.000000,0.000000
1542418945.100000,0.000000,0.000000,0.000000,0.000000,0.000000,0.000000,0.000000
1542418945.150000,0.000000,0.000000,0.000000,0.000000,0.000000,0.000000,0.000000
1542418945.200000,0.000000,0.000000,0.000000,0.000000,0.000000,0.000000,0.000000
1542418945.250000,0.000000,0.000000,0.000000,0.000000,0.000000,0.000000,0.000000
1542418945.300000,0.000000,0.000000,0.000000,0.000000,0.000000,0.000000,0.000000
1542418945.350000,0.000000,0.000000,0.000000,0.000000,0.000000,0.000000,0.000000
1542418945.400000,0.000000,0.000000,0.000000,0.000000,0.000000,0.000000,0.000000
1542418945.450000,0.000000,0.000000,0.000000,0.000000,0.000000,0.000000,0.000000
1542418945.500000,0.000000,0.000000,0.000000,0.000000,0.000000,0.000000,0.000000
1542418945.550000,0.000000,0.000000,0.000000,0.000000,0.000000,0.000000,0.000000
1542418945.600000,0.000000,0.000000,0.000000,0.000000,0.000000,0.000000,0.000000
1542418945.650000,0.000000,0.000000,0.000000,0.000000,0.000000,0.000000,0.000000
1542418945.700000,0.000000,0.000000,0.000000,0.000000,0.000000,0.000000,0.000000
1542418945.750000,0.000000,0.000000,0.000000,0.000000,0.000000,0.000000,0.000000
1542418945.800000,0.000000,0.000000,0.000000,0.000000,0.000000,0.000000,0.000000
1542418945.850000,0.000000,0.000000,0.000000,0.000000,0.000000,0.000000,0.000000
1542418945.900000,0.000000,0.000000,0.000000,0.000000,0.000000,0.000000,0.000000
1542418945.950000,0.000000,0.000000,0.000000,0.000000,0.000000,0.000000,0.000000
1542418946.000000,0.000000,0.000000,0.000000,0.000000,0.000000,0.000000,0.000000
1542418946.050000,0.000000,0.000000,0.000000,0.000000,0.000000,0.000000,0.000000
1542418946.100000,0.000000,0.000000,0.000000,0.000000,0.000000,0.000000,0.000000
1542418946.150000,0.000000,0.000000,0.000000,0.000000,0.000000,0.000000,0.000000
1542418946.200000,0.000000,0.000000,0.000000,0.000000,0.000000,0.000000,0.000000
1542418946.250000,0.000000,0.000000,0.000000,0.000000,0.000000,0.000000,0.000000
1542418946.300000,0.000000,0.000000,0.000000,0.000000,0.000000,0.000000,0.000000
1542418946.350000,0.000000,0.000000,0.000000,0.000000,0.000000,0.000000,0.000000
1542418946.400000,0.000000,0.000000,0.000000,0.000000,0.000000,0.000000,0.000000
1542418946.450000,0.000000,0.000000,0.000000,0.000000,0.000000,0.000000,0.000000
1542418946.500000,0.000000,0.000000,0.000000,0.000000,0.000000,0.000000,0.000000
1542418946.550000,0.000000,0.000000,0.000000,0.000000,0.000000,0.000000,0.000000
1542418946.600000,0.000000,0.000000,0.000000,0.000000,0.000000,0.000000,0.000000
1542418946.650000,0.000000,0.000000,0.000000,0.000000,0.000000,0.000000,0.000000
1542418946.700000,0.000000,0.000000,0.000000,0.000000,0.000000,0.000000,0.000000
1542418946.750000,0.000000,0.000000,0.000000,0.000000,0.000000,0.000000,0.000000
1542418946.800000,0.000000,0.000000,0.000000,0.000000,0.000000,0.000000,0.000000
1542418946.850000,0.000000,0.000000,0.000000,0.000000,0.000000,0.000000,0.000000
1542418946.900000,0.000000,0.000000,0.000000,0.000000,0.000000,0.000000,0.000000
1542418946.950000,0.000000,0.000000,0.000000,0.000000,0.000000,0.000000,0.000000
1542418947.000000,0.000000,0.000000,0.000000,0.000000,0.000000,0.000000,0.000000
1542418947.050000,0.000000,0.000000,0.000000,0.000000,0.000000,0.000000,0.000000
1542418947.100000,0.000000,0.000000,0.000000,0.000000,0.000000,0.000000,0.000000
1542418947.150000,0.000000,0.000000,0.000000,0.000000,0.000000,0.000000,0.000000
1542418947.200000,0.000000,0.000000,0.000000,0.000000,0.000000,0.000000,0.000000
1542418947.250000,0.000000,0.000000,0.000000,0.000000,0.000000,0.000000,0.000000
1542418947.300000,0.000000,0.000000,0.000000,0.000000,0.000000,0.000000,0.000000
1542418947.350000,0.000000,0.000000,0.000000,0.000000,0.000000,0.000000,0.000000
1542418947.400000,0.000000,0.000000,0.000000,0.000000,0.000000,0.000000,0.000000
1542418947.450000,0.000000,0.000000,0.000000,0.000000,0.000000,0.000000,0.000000
1542418947.500000,0.000000,0.000000,0.000000,0.000000,0.000000,0.000000,0.000000
1542418947.550000,0.000000,0.000000,0.000000,0.000000,0.000000,0.000000,0.000000
1542418947.600000,0.000000,0.000000,0.000000,0.000000,0.000000,0.000000,0.000000
1542418947.650000,0.000000,0.000000,0.000000,0.000000,0.000000,0.000000,0.000000
1542418947.700000,0.000000,0.000000,0.000000,0.000000,0.000000,0.000000,0.000000
1542418947.750000,0.000000,0.000000,0.000000,0.000000,0.000000,0.000000,0.000000
1542418947.800000,0.000000,0.000000,0.000000,0.000000,0.000000,0.000000,0.000000
1542418947.850000,0.000000,0.000000,0.000000,0.000000,0.000000,0.000000,0.000000
1542418947.900000,0.000000,0.000000,0.000000,0.000000,0.000000,0.000000,0.000000
1542418947.950000,0.000000,0.000000,0.000000,0.000000,0.000000,0.000000,0.000000
1542418948.000000,0.000000,0.000000,0.000000,0.000000,0.000000,0.000000,0.000000
1542418948.050000,0.000000,0.000000,0.000000,0.000000,0.000000,0.000000,0.000000
1542418948.100000,0.000000,0.000000,0.000000,0.000000,0.000000,0.000000,0.000000
1542418948.150000,0.000000,0.000000,0.000000,0.000000,0.000000,0.000000,0.000000
1542418948.200000,0.000000,0.000000,0.000000,0.000000,0.000000,0.000000,0.000000
1542418948.250000,0.000000,0.000000,0.000000,0.000000,0.000000,0.000000,0.000000
1542418948.300000,0.000000,0.000000,0.000000,0.000000,0.000000,0.000000,0.000000
1542418948.350000,0.000000,0.000000,0.000000,0.000000,0.000000,0.000000,0.000000
1542418948.400000,0.000000,0.000000,0.000000,0.000000,0.000000,0.000000,0.000000
1542418948.450000,0.000000,0.000000,0.000000,0.000000,0.000000,0.000000,0.000000
1542418948.500000,0.000000,0.000000,0.000000,0.000000,0.000000,0.000000,0.000000
1542418948.550000,0.000000,0.000000,0.000000,0.000000,0.000000,0.000000,0.000000
1542418948.600000,0.000000,0.000000,0.000000,0.000000,0.000000,0.000000,0.000000
1542418948.650000,0.000000,0.000000,0.000000,0.000000,0.000000,0.000000,0.000000
1542418948.700000,0.000000,0.000000,0.000000,0.000000,0.000000,0.000000,0.000000
1542418948.750000,0.000000,0.000000,0.000000,0.000000,0.000000,0.000000,0.000000
1542418948.800000,0.000000,0.000000,0.000000,0.000000,0.000000,0.000000,0.000000
1542418948.850000,0.000000,0.000000,0.000000,0.000000,0.000000,0.000000,0.000000
1542418948.900000,0.000000,0.000000,0.000000,0.000000,0.000000,0.000000,0.000000
1542418948.950000,0.000000,0.000000,0.000000,0.000000,0.000000,0.000000,0.000000
1542418949.000000,0.000000,0.000000,0.000000,0.000000,0.000000,0.000000,0.000000
1542418949.050000,0.000000,0.000000,0.000000,0.000000,0.000000,0.000000,0.000000
1542418949.100000,0.000000,0.000000,0.000000,0.000000,0.000000,0.000000,0.000000
1542418949.150000,0.000000,0.000000,0.000000,0.000000,0.000000,0.000000,0.000000
1542418949.200000,0.000000,0.000000,0.000000,0.000000,0.000000,0.000000,0.000000
1542418949.250000,0.000000,0.000000,0.000000,0.000000,0.000000,0.000000,0.000000
1542418949.300000,0.000000,0.000000,0.000000,0.000000,0.000000,0.000000,0.000000
1542418949.350000,0.000000,0.000000,0.000000,0.000000,0.000000,0.000000,0.000000
1542418949.400000,0.000000,0.000000,0.000000,0.000000,0.000000,0.000000,0.000000
1542418949.450000,0.000000,0.000000,0.000000,0.000000,0.000000,0.000000,0.000000
1542418949.500000,0.000000,0.000000,0.000000,0.000000,0.000000,0.000000,0.000000
1542418949.550000,0.000000,0.000000,0.000000,0.000000,0.000000,0.000000,0.000000
1542418949.600000,0.000000,0.000000,0.000000,0.000000,0.000000,0.000000,0.000000
1542418949.650000,0.000000,0.000000,0.000000,0.000000,0.000000,0.000000,0.000000
1542418949.700000,0.000000,0.000000,0.000000,0.000000,0.000000,0.000000,0.000000
1542418949.750000,0.000000,0.000000,0.000000,0.000000,0.000000,0.000000,0.000000
1542418949.800000,0.000000,0.000000,0.000000,0.000000,0.000000,0.000000,0.000000
1542418949.850000,0.000000,0.000000,0.000000,0.000000,0.000000,0.000000,0.000000
1542418949.900000,0.000000,0.000000,0.000000,0.000000,0.000000,0.000000,0.000000
1542418949.950000,0.000000,0.000000,0.000000,0.000000,0.000000,0.000000,0.000000
1542418950.000000,0.000000,0.000000,0.000000,0.000000,0.000000,0.000000,0.000000
1542418950.050000,0.000000,0.000000,0.000000,0.000000,0.000000,0.000000,0.000000
1542418950.100000,0.000000,0.000000,0.000000,0.000000,0.000000,0.000000,0.000000
1542418950.150000,0.000000,0.000000,0.000000,0.000000,0.000000,0.000000,0.000000
1542418950.200000,0.000000,0.000000,0.000000,0.000000,0.000000,0.000000,0.000000
1542418950.250000,0.000000,0.000000,0.000000,0.000000,0.000000,0.000000,0.000000
1542418950.300000,0.000000,0.000000,0.000000,0.000000,0.000000,0.000000,0.000000
1542418950.350000,0.000000,0.000000,0.000000,0.000000,0.000000,0.000000,0.000000
1542418950.400000,0.000000,0.000000,0.000000,0.000000,0.000000,0.000000,0.000000
1542418950.450000,0.000000,0.000000,0.000000,0.000000,0.000000,0.000000,0.000000
1542418950.500000,0.000000,0.000000,0.000000,0.000000,0.000000,0.000000,0.000000
1542418950.550000,0.000000,0.000000,0.000000,0.000000,0.000000,0.000000,0.000000
1542418950.600000,0.000000,0.000000,0.000000,0.000000,0.000000,0.000000,0.000000
1542418950.650000,0.000000,0.000000,0.000000,0.000000,0.000000,0.000000,0.000000
1542418950.700000,0.000000,0.000000,0.000000,0.000000,0.000000,0.000000,0.000000
1542418950.750000,0.000000,0.000000,0.000000,0.000000,0.000000,0.000000,0.000000
1542418950.800000,0.000000,0.000000,0.000000,0.000000,0.000000,0.000000,0.000000
1542418950.850000,0.000000,0.000000,0.000000,0.000000,0.000000,0.000000,0.000000
1542418950.900000,0.000000,0.000000,0.000000,0.000000,0.000000,0.000000,0.000000
1542418950.950000,0.000000,0.000000,0.000000,0.000000,0.000000,0.000000,0.000000
1542418951.000000,0.000000,0.000000,0.000000,0.000000,0.000000,0.000000,0.000000
1542418951.050000,0.000000,0.000000,0.000000,0.000000,0.000000,0.000000,0.000000
1542418951.100000,0.000000,0.000000,0.000000,0.000000,0.000000,0.000000,0.000000
1542418951.150000,0.000000,0.000000,0.000000,0.000000,0.000000,0.000000,0.000000
1542418951.200000,0.000000,0.000000,0.000000,0.000000,0.000000,0.000000,0.000000
1542418951.250000,0.000000,0.000000,0.000000,0.000000,0.000000,0.000000,0.000000
1542418951.300000,0.000000,0.000000,0.000000,0.000000,0.000000,0.000000,0.000000
1542418951.350000,0.000000,0.000000,0.000000,0.000000,0.000000,0.000000,0.000000
1542418951.400000,0.000000,0.000000,0.000000,0.000000,0.000000,0.000000,0.000000
1542418951.450000,0.000000,0.000000,0.000000,0.000000,0.000000,0.000000,0.000000
1542418951.500000,0.000000,0.000000,0.000000,0.000000,0.000000,0.000000,0.000000
1542418951.550000,0.000000,0.000000,0.000000,0.000000,0.000000,0.000000,0.000000
1542418951.600000,0.000000,0.000000,0.000000,0.000000,0.000000,0.000000,0.000000
1542418951.650000,0.000000,0.000000,0.000000,0.000000,0.000000,0.000000,0.000000
1542418951.700000,0.000000,0.000000,0.000000,0.000000,0.000000,0.000000,0.000000
1542418951.750000,0.000000,0.000000,0.000000,0.000000,0.000000,0.000000,0.000000
1542418951.800000,0.000000,0.000000,0.000000,0.000000,0.000000,0.000000,0.000000
1542418951.850000,0.000000,0.000000,0.000000,0.000000,0.000000,0.000000,0.000000
1542418951.900000,0.000000,0.000000,0.000000,0.000000,0.000000,0.000000,0.000000
1542418951.950000,0.000000,0.000000,0.000000,0.000000,0.000000,0.000000,0.000000
1542418952.000000,0.000000,0.000000,0.000000,0.000000,0.000000,0.000000,0.000000
1542418952.050000,0.000000,0.000000,0.000000,0.000000,0.000000,0.000000,0.000000
1542418952.100000,0.000000,0.000000,0.000000,0.000000,0.000000,0.000000,0.000000
1542418952.150000,0.000000,0.000000,0.000000,0.000000,0.000000,0.000000,0.000000
1542418952.200000,0.000000,0.000000,0.000000,0.000000,0.000000,0.000000,0.000000
1542418952.250000,0.000000,0.000000,0.000000,0.000000,0.000000,0.000000,0.000000
1542418952.300000,0.000000,0.000000,0.000000,0.000000,0.000000,0.000000,0.000000
1542418952.350000,0.000000,0.000000,0.000000,0.000000,0.000000,0.000000,0.000000
1542418952.400000,0.000000,0.000000,0.000000,0.000000,0.000000,0.000000,0.000000
1542418952.450000,0.000000,0.000000,0.000000,0.000000,0.000000,0.000000,0.000000
1542418952.500000,0.000000,0.000000,0.000000,0.000000,0.000000,0.000000,0.000000
1542418952.550000,0.000000,0.000000,0.000000,0.000000,0.000000,0.000000,0.000000
1542418952.600000,0.000000,0.000000,0.000000,0.000000,0.000000,0.000000,0.000000
1542418952.650000,0.000000,0.000000,0.000000,0.000000,0.000000,0.000000,0.000000
1542418952.700000,0.000000,0.000000,0.000000,0.000000,0.000000,0.000000,0.000000
1542418952.750000,0.000000,0.000000,0.000000,0.000000,0.000000,0.000000,0.000000
1542418952.800000,0.000000,0.000000,0.000000,0.000000,0.000000,0.000000,0.000000
1542418952.850000,0.000000,0.000000,0.000000,0.000000,0.000000,0.000000,0.000000
1542418952.900000,0.000000,0.000000,0.000000,0.000000,0.000000,0.000000,0.000000
1542418952.950000,0.000000,0.000000,0.000000,0.000000,0.000000,0.000000,0.000000
1542418953.000000,0.000000,0.000000,0.000000,0.000000,0.000000,0.000000,0.000000
1542418953.050000,0.000000,0.000000,0.000000,0.000000,0.000000,0.000000,0.000000
1542418953.100000,0.000000,0.000000,0.000000,0.000000,0.000000,0.000000,0.000000
1542418953.150000,0.000000,0.000000,0.000000,0.000000,0.000000,0.000000,0.000000
1542418953.200000,0.000000,0.000000,0.000000,0.000000,0.000000,0.000000,0.000000
1542418953.250000,0.000000,0.000000,0.000000,0.000000,0.000000,0.000000,0.000000
1542418953.300000,0.000000,0.000000,0.000000,0.000000,0.000000,0.000000,0.000000
1542418953.350000,0.000000,0.000000,0.000000,0.000000,0.000000,0.000000,0.000000
1542418953.400000,0.000000,0.000000,0.000000,0.000000,0.000000,0.000000,0.000000
1542418953.450000,0.000000,0.000000,0.000000,0.000000,0.000000,0.000000,0.000000
1542418953.500000,0.000000,0.000000,0.000000,0.000000,0.000000,0.000000,0.000000
1542418953.550000,0.000000,0.000000,0.000000,0.000000,0.000000,0.000000,0.000000
1542418953.600000,0.000000,0.000000,0.000000,0.000000,0.000000,0.000000,0.000000
1542418953.650000,0.000000,0.000000,0.000000,0.000000,0.000000,0.000000,0.000000
1542418953.700000,0.000000,0.000000,0.000000,0.000000,0.000000,0.000000,0.000000
1542418953.750000,0.000000,0.000000,0.000000,0.000000,0.000000,0.000000,0.000000
1542418953.800000,0.000000,0.000000,0.000000,0.000000,0.000000,0.000000,0.000000
1542418953.850000,0.000000,0.000000,0.000000,0.000000,0.000000,0.000000,0.000000
1542418953.900000,0.000000,0.000000,0.000000,0.000000,0.000000,0.000000,0.000000
1542418953.950000,0.000000,0.000000,0.000000,0.000000,0.000000,0.000000,0.000000
1542418954.000000,0.000000,0.000000,0.000000,0.000000,0.000000,0.000000,0.000000
1542418954.050000,0.000000,0.000000,0.000000,0.000000,0.000000,0.000000,0.000000
1542418954.100000,0.000000,0.000000,0.000000,0.000000,0.000000,0.000000,0.000000
1542418954.150000,0.000000,0.000000,0.000000,0.000000,0.000000,0.000000,0.000000
1542418954.200000,0.000000,0.000000,0.000000,0.000000,0.000000,0.000000,0.000000
1542418954.250000,0.000000,0.000000,0.000000,0.000000,0.000000,0.000000,0.000000
1542418954.300000,0.000000,0.000000,0.000000,0.000000,0.000000,0.000000,0.000000
1542418954.350000,0.000000,0.000000,0.000000,0.000000,0.000000,0.000000,0.000000
1542418954.400000,0.000000,0.000000,0.000000,0.000000,0.000000,0.000000,0.000000
1542418954.450000,0.000000,0.000000,0.000000,0.000000,0.000000,0.000000,0.000000
1542418954.500000,0.000000,0.000000,0.000000,0.000000,0.000000,0.000000,0.000000
1542418954.550000,0.000000,0.000000,0.000000,0.000000,0.000000,0.000000,0.000000
1542418954.600000,0.000000,0.000000,0.000000,0.000000,0.000000,0.000000,0.000000
1542418954.650000,0.000000,0.000000,0.000000,0.000000,0.000000,0.000000,0.000000
1542418954.700000,0.000000,0.000000,0.000000,0.000000,0.000000,0.000000,0.000000
1542418954.750000,0.000000,0.000000,0.000000,0.000000,0.000000,0.000000,0.000000
1542418954.800000,0.000000,0.000000,0.000000,0.000000,0.000000,0.000000,0.000000
1542418954.850000,0.000000,0.000000,0.000000,0.000000,0.000000,0.000000,0.000000
1542418954.900000,0.000000,0.000000,0.000000,0.000000,0.000000,0.000000,0.000000
1542418954.950000,0.000000,0.000000,0.000000,0.000000,0.000000,0.000000,0.000000
1542418955.000000,0.000000,0.000000,0.000000,0.000000,0.000000,0.000000,0.000000
1542418955.050000,0.000000,0.000000,0.000000,0.000000,0.000000,0.000000,0.000000
1542418955.100000,0.000000,0.000000,0.000000,0.000000,0.000000,0.000000,0.000000
1542418955.150000,0.000000,0.000000,0.000000,0.000000,0.000000,0.000000,0.000000
1542418955.200000,0.000000,0.000000,0.000000,0.000000,0.000000,0.000000,0.000000
1542418955.250000,0.000000,0.000000,0.000000,0.000000,0.000000,0.000000,0.000000
1542418955.300000,0.000000,0.000000,0.000000,0.000000,0.000000,0.000000,0.000000
1542418955.350000,0.000000,0.000000,0.000000,0.000000,0.000000,0.000000,0.000000
1542418955.400000,0.000000,0.000000,0.000000,0.000000,0.000000,0.000000,0.000000
1542418955.450000,0.000000,0.000000,0.000000,0.000000,0.000000,0.000000,0.000000
1542418955.500000,0.000000,0.000000,0.000000,0.000000,0.000000,0.000000,0.000000
1542418955.550000,0.000000,0.000000,0.000000,0.000000,0.000000,0.000000,0.000000
1542418955.600000,0.000000,0.000000,0.000000,0.000000,0.000000,0.000000,0.000000
1542418955.650000,0.000000,0.000000,0.000000,0.000000,0.000000,0.000000,0.000000
1542418955.700000,0.000000,0.000000,0.000000,0.000000,0.000000,0.000000,0.000000
1542418955.750000,0.000000,0.000000,0.000000,0.000000,0.000000,0.000000,0.000000
1542418955.800000,0.000000,0.000000,0.000000,0.000000,0.000000,0.000000,0.000000
1542418955.850000,0.000000,0.000000,0.000000,0.000000,0.000000,0.000000,0.000000
1542418955.900000,0.000000,0.000000,0.000000,0.000000,0.000000,0.000000,0.000000
1542418955.950000,0.000000,0.000000,0.000000,0.000000,0.000000,0.000000,0.000000
1542418956.000000,0.000000,0.000000,0.000000,0.000000,0.000000,0.000000,0.000000
1542418956.050000,0.000000,0.000000,0.000000,0.000000,0.000000,0.000000,0.000000
1542418956.100000,0.000000,0.000000,0.000000,0.000000,0.000000,0.000000,0.000000
1542418956.150000,0.000000,0.000000,0.000000,0.000000,0.000000,0.000000,0.000000
1542418956.200000,0.000000,0.000000,0.000000,0.000000,0.000000,0.000000,0.000000
1542418956.250000,0.000000,0.000000,0.000000,0.000000,0.000000,0.000000,0.000000
1542418956.300000,0.000000,0.000000,0.000000,0.000000,0.000000,0.000000,0.000000
1542418956.350000,0.000000,0.000000,0.000000,0.000000,0.000000,0.000000,0.000000
1542418956.400000,0.000000,0.000000,0.000000,0.000000,0.000000,0.000000,0.000000
1542418956.450000,0.000000,0.000000,0.000000,0.000000,0.000000,0.000000,0.000000
1542418956.500000,0.000000,0.000000,0.000000,0.000000,0.000000,0.000000,0.000000
1542418956.550000,0.000000,0.000000,0.000000,0.000000,0.000000,0.000000,0.000000
1542418956.600000,0.000000,0.000000,0.000000,0.000000,0.000000,0.000000,0.000000
1542418956.650000,0.000000,0.000000,0.000000,0.000000,0.000000,0.000000,0.000000
1542418956.700000,0.000000,0.000000,0.000000,0.000000,0.000000,0.000000,0.000000
1542418956.750000,0.000000,0.000000,0.000000,0.000000,0.000000,0.000000,0.000000
1542418956.800000,0.000000,0.000000,0.000000,0.000000,0.000000,0.000000,0.000000
1542418956.850000,0.000000,0.000000,0.000000,0.000000,0.000000,0.000000,0.000000
1542418956.900000,0.000000,0.000000,0.000000,0.000000,0.000000,0.000000,0.000000
1542418956.950000,0.000000,0.000000,0.000000,0.000000,0.000000,0.000000,0.000000
1542418957.000000,0.000000,0.000000,0.000000,0.000000,0.000000,0.000000,0.000000
1542418957.050000,0.000000,0.000000,0.000000,0.000000,0.000000,0.000000,0.000000
1542418957.100000,0.000000,0.000000,0.000000,0.000000,0.000000,0.000000,0.000000
1542418957.150000,0.000000,0.000000,0.000000,0.000000,0.000000,0.000000,0.000000
1542418957.200000,0.000000,0.000000,0.000000,0.000000,0.000000,0.000000,0.000000
1542418957.250000,0.000000,0.000000,0.000000,0.000000,0.000000,0.000000,0.000000
1542418957.300000,0.000000,0.000000,0.000000,0.000000,0.000000,0.000000,0.000000
1542418957.350000,0.000000,0.000000,0.000000,0.000000,0.000000,0.000000,0.000000
1542418957.400000,0.000000,0.000000,0.000000,0.000000,0.000000,0.000000,0.000000
1542418957.450000,0.000000,0.000000,0.000000,0.000000,0.000000,0.000000,0.000000
1542418957.500000,0.000000,0.000000,0.000000,0.000000,0.000000,0.000000,0.000000
1542418957.550000,0.000000,0.000000,0.000000,0.000000,0.000000,0.000000,0.000000
1542418957.600000,0.000000,0.000000,0.000000,0.000000,0.000000,0.000000,0.000000
1542418957.650000,0.000000,0.000000,0.000000,0.000000,0.000000,0.000000,0.000000
1542418957.700000,0.000000,0.000000,0.000000,0.000000,0.000000,0.000000,0.000000
1542418957.750000,0.000000,0.000000,0.000000,0.000000,0.000000,0.000000,0.000000
1542418957.800000,0.000000,0.000000,0.000000,0.000000,0.000000,0.000000,0.000000
1542418957.850000,0.000000,0.000000,0.000000,0.000000,0.000000,0.000000,0.000000
1542418957.900000,0.000000,0.000000,0.000000,0.000000,0.000000,0.000000,0.000000
1542418957.950000,0.000000,0.000000,0.000000,0.000000,0.000000,0.000000,0.000000
1542418958.000000,0.000000,0.000000,0.000000,0.000000,0.000000,0.000000,0.000000
1542418958.050000,0.000000,0.000000,0.000000,0.000000,0.000000,0.000000,0.000000
1542418958.100000,0.000000,0.000000,0.000000,0.000000,0.000000,0.000000,0.000000
1542418958.150000,0.000000,0.000000,0.000000,0.000000,0.000000,0.000000,0.000000
1542418958.200000,0.000000,0.000000,0.000000,0.000000,0.000000,0.000000,0.000000
1542418958.250000,0.000000,0.000000,0.000000,0.000000,0.000000,0.000000,0.000000
1542418958.300000,0.000000,0.000000,0.000000,0.000000,0.000000,0.000000,0.000000
1542418958.350000,0.000000,0.000000,0.000000,0.000000,0.000000,0.000000,0.000000
1542418958.400000,0.000000,0.000000,0.000000,0.000000,0.000000,0.000000,0.000000
1542418958.450000,0.000000,0.000000,0.000000,0.000000,0.000000,0.000000,0.000000
1542418958.500000,0.000000,0.000000,0.000000,0.000000,0.000000,0.000000,0.000000
1542418958.550000,0.000000,0.000000,0.000000,0.000000,0.000000,0.000000,0.000000
1542418958.600000,0.000000,0.000000,0.000000,0.000000,0.000000,0.000000,0.000000
1542418958.650000,0.000000,0.000000,0.000000,0.000000,0.000000,0.000000,0.000000
1542418958.700000,0.000000,0.000000,0.000000,0.000000,0.000000,0.000000,0.000000
1542418958.750000,0.000000,0.000000,0.000000,0.000000,0.000000,0.000000,0.000000
1542418958.800000,0.000000,0.000000,0.000000,0.000000,0.000000,0.000000,0.000000
1542418958.850000,0.000000,0.000000,0.000000,0.000000,0.000000,0.000000,0.000000
1542418958.900000,0.000000,0.000000,0.000000,0.000000,0.000000,0.000000,0.000000
1542418958.950000,0.000000,0.000000,0.000000,0.000000,0.000000,0.000000,0.000000
1542418959.000000,0.000000,0.000000,0.000000,0.000000,0.000000,0.000000,0.000000
1542418959.050000,0.000000,0.000000,0.000000,0.000000,0.000000,0.000000,0.000000
1542418959.100000,0.000000,0.000000,0.000000,0.000000,0.000000,0.000000,0.000000
1542418959.150000,0.000000,0.000000,0.000000,0.000000,0.000000,0.000000,0.000000
1542418959.200000,0.000000,0.000000,0.000000,0.000000,0.000000,0.000000,0.000000
1542418959.250000,0.000000,0.000000,0.000000,0.000000,0.000000,0.000000,0.000000
1542418959.300000,0.000000,0.000000,0.000000,0.000000,0.000000,0.000000,0.000000
1542418959.350000,0.000000,0.000000,0.000000,0.000000,0.000000,0.000000,0.000000
1542418959.400000,0.000000,0.000000,0.000000,0.000000,0.000000,0.000000,0.000000
1542418959.450000,0.000000,0.000000,0.000000,0.000000,0.000000,0.000000,0.000000
1542418959.500000,0.000000,0.000000,0.000000,0.000000,0.000000,0.000000,0.000000
1542418959.550000,0.000000,0.000000,0.000000,0.000000,0.000000,0.000000,0.000000
1542418959.600000,0.000000,0.000000,0.000000,0.000000,0.000000,0.000000,0.000000
1542418959.650000,0.000000,0.000000,0.000000,0.000000,0.000000,0.000000,0.000000
1542418959.700000,0.000000,0.000000,0.000000,0.000000,0.000000,0.000000,0.000000
1542418959.750000,0.000000,0.000000,0.000000,0.000000,0.000000,0.000000,0.000000
1542418959.800000,0.000000,0.000000,0.000000,0.000000,0.000000,0.000000,0.000000
1542418959.850000,0.000000,0.000000,0.000000,0.000000,0.000000,0.000000,0.000000
1542418959.900000,0.000000,0.000000,0.000000,0.000000,0.000000,0.000000,0.000000
1542418959.950000,0.000000,0.000000,0.000000,0.000000,0.000000,0.000000,0.000000
1542418960.000000,0.000000,0.000000,0.000000,0.000000,0.000000,0.000000,0.000000
1542418960.050000,0.000000,0.000000,0.000000,0.000000,0.000000,0.000000,0.000000
1542418960.100000,0.000000,0.000000,0.000000,0.000000,0.000000,0.000000,0.000000
1542418960.150000,0.000000,0.000000,0.000000,0.000000,0.000000,0.000000,0.000000
1542418960.200000,0.000000,0.000000,0.000000,0.000000,0.000000,0.000000,0.000000
1542418960.250000,0.000000,0.000000,0.000000,0.000000,0.000000,0.000000,0.000000
1542418960.300000,0.000000,0.000000,0.000000,0.000000,0.000000,0.000000,0.000000
1542418960.350000,0.000000,0.000000,0.000000,0.000000,0.000000,0.000000,0.000000
1542418960.400000,0.000000,0.000000,0.000000,0.000000,0.000000,0.000000,0.000000
1542418960.450000,0.000000,0.000000,0.000000,0.000000,0.000000,0.000000,0.000000
1542418960.500000,0.000000,0.000000,0.000000,0.000000,0.000000,0.000000,0.000000
1542418960.550000,0.000000,0.000000,0.000000,0.000000,0.000000,0.000000,0.000000
1542418960.600000,0.000000,0.000000,0.000000,0.000000,0.000000,0.000000,0.000000
1542418960.650000,0.000000,0.000000,0.000000,0.000000,0.000000,0.000000,0.000000
1542418960.700000,0.000000,0.000000,0.000000,0.000000,0.000000,0.000000,0.000000
1542418960.750000,0.000000,0.000000,0.000000,0.000000,0.000000,0.000000,0.000000
1542418960.800000,0.000000,0.000000,0.000000,0.000000,0.000000,0.000000,0.000000
1542418960.850000,0.000000,0.000000,0.000000,0.000000,0.000000,0.000000,0.000000
1542418960.900000,0.000000,0.000000,0.000000,0.000000,0.000000,0.000000,0.000000
1542418960.950000,0.000000,0.000000,0.000000,0.000000,0.000000,0.000000,0.000000
1542418961.000000,0.000000,0.000000,0.000000,0.000000,0.000000,0.000000,0.000000
1542418961.050000,0.000000,0.000000,0.000000,0.000000,0.000000,0.000000,0.000000
1542418961.100000,0.000000,0.000000,0.000000,0.000000,0.000000,0.000000,0.000000
1542418961.150000,0.000000,0.000000,0.000000,0.000000,0.000000,0.000000,0.000000
1542418961.200000,0.000000,0.000000,0.000000,0.000000,0.000000,0.000000,0.000000
1542418961.250000,0.000000,0.000000,0.000000,0.000000,0.000000,0.000000,0.000000
1542418961.300000,0.000000,0.000000,0.000000,0.000000,0.000000,0.000000,0.000000
1542418961.350000,0.000000,0.000000,0.000000,0.000000,0.000000,0.000000,0.000000
1542418961.400000,0.000000,0.000000,0.000000,0.000000,0.000000,0.000000,0.000000
1542418961.450000,0.000000,0.000000,0.000000,0.000000,0.000000,0.000000,0.000000
1542418961.500000,0.000000,0.000000,0.000000,0.000000,0.000000,0.000000,0.000000
1542418961.550000,0.000000,0.000000,0.000000,0.000000,0.000000,0.000000,0.000000
1542418961.600000,0.000000,0.000000,0.000000,0.000000,0.000000,0.000000,0.000000
1542418961.650000,0.000000,0.000000,0.000000,0.000000,0.000000,0.000000,0.000000
1542418961.700000,0.000000,0.000000,0.000000,0.000000,0.000000,0.000000,0.000000
1542418961.750000,0.000000,0.000000,0.000000,0.000000,0.000000,0.000000,0.000000
1542418961.800000,0.000000,0.000000,0.000000,0.000000,0.000000,0.000000,0.000000
1542418961.850000,0.000000,0.000000,0.000000,0.000000,0.000000,0.000000,0.000000
1542418961.900000,0.000000,0.000000,0.000000,0.000000,0.000000,0.000000,0.000000
1542418961.950000,0.000000,0.000000,0.000000,0.000000,0.000000,0.000000,0.000000
1542418962.000000,0.000000,0.000000,0.000000,0.000000,0.000000,0.000000,0.000000
1542418962.050000,0.000000,0.000000,0.000000,0.000000,0.000000,0.000000,0.000000
1542418962.100000,0.000000,0.000000,0.000000,0.000000,0.000000,0.000000,0.000000
1542418962.150000,0.000000,0.000000,0.000000,0.000000,0.000000,0.000000,0.000000
1542418962.200000,0.000000,0.000000,0.000000,0.000000,0.000000,0.000000,0.000000
1542418962.250000,0.000000,0.000000,0.000000,0.000000,0.000000,0.000000,0.000000
1542418962.300000,0.000000,0.000000,0.000000,0.000000,0.000000,0.000000,0.000000
1542418962.350000,0.000000,0.000000,0.000000,0.000000,0.000000,0.000000,0.000000
1542418962.400000,0.000000,0.000000,0.000000,0.000000,0.000000,0.000000,0.000000
1542418962.450000,0.000000,0.000000,0.000000,0.000000,0.000000,0.000000,0.000000
1542418962.500000,0.000000,0.000000,0.000000,0.000000,0.000000,0.000000,0.000000
1542418962.550000,0.000000,0.000000,0.000000,0.000000,0.000000,0.000000,0.000000
1542418962.600000,0.000000,0.000000,0.000000,0.000000,0.000000,0.000000,0.000000
1542418962.650000,0.000000,0.000000,0.000000,0.000000,0.000000,0.000000,0.000000
1542418962.700000,0.000000,0.000000,0.000000,0.000000,0.000000,0.000000,0.000000
1542418962.750000,0.000000,0.000000,0.000000,0.000000,0.000000,0.000000,0.000000
1542418962.800000,0.000000,0.000000,0.000000,0.000000,0.000000,0.000000,0.000000
1542418962.850000,0.000000,0.000000,0.000000,0.000000,0.000000,0.000000,0.000000
1542418962.900000,0.000000,0.000000,0.000000,0.000000,0.000000,0.000000,0.000000
1542418962.950000,0.000000,0.000000,0.000000,0.000000,0.000000,0.000000,0.000000
1542418963.000000,0.000000,0.000000,0.000000,0.000000,0.000000,0.000000,0.000000
1542418963.050000,0.000000,0.000000,0.000000,0.000000,0.000000,0.000000,0.000000
1542418963.100000,0.000000,0.000000,0.000000,0.000000,0.000000,0.000000,0.000000
1542418963.150000,0.000000,0.000000,0.000000,0.000000,0.000000,0.000000,0.000000
1542418963.200000,0.000000,0.000000,0.000000,0.000000,0.000000,0.000000,0.000000
1542418963.250000,0.000000,0.000000,0.000000,0.000000,0.000000,0.000000,0.000000
1542418963.300000,0.000000,0.000000,0.000000,0.000000,0.000000,0.000000,0.000000
1542418963.350000,0.000000,0.000000,0.000000,0.000000,0.000000,0.000000,0.000000
1542418963.400000,0.000000,0.000000,0.000000,0.000000,0.000000,0.000000,0.000000
1542418963.450000,0.000000,0.000000,0.000000,0.000000,0.000000,0.000000,0.000000
1542418963.500000,0.000000,0.000000,0.000000,0.000000,0.000000,0.000000,0.000000
1542418963.550000,0.000000,0.000000,0.000000,0.000000,0.000000,0.000000,0.000000
1542418963.600000,0.000000,0.000000,0.000000,0.000000,0.000000,0.000000,0.000000
1542418963.650000,0.000000,0.000000,0.000000,0.000000,0.000000,0.000000,0.000000
1542418963.700000,0.000000,0.000000,0.000000,0.000000,0.000000,0.000000,0.000000
1542418963.750000,0.000000,0.000000,0.000000,0.000000,0.000000,0.000000,0.000000
1542418963.800000,0.000000,0.000000,0.000000,0.000000,0.000000,0.000000,0.000000
1542418963.850000,0.000000,0.000000,0.000000,0.000000,0.000000,0.000000,0.000000
1542418963.900000,0.000000,0.000000,0.000000,0.000000,0.000000,0.000000,0.000000
1542418963.950000,0.000000,0.000000,0.000000,0.000000,0.000000,0.000000,0.000000
1542418964.000000,0.000000,0.000000,0.000000,0.000000,0.000000,0.000000,0.000000
1542418964.050000,0.000000,0.000000,0.000000,0.000000,0.000000,0.000000,0.000000
1542418964.100000,0.000000,0.000000,0.000000,0.000000,0.000000,0.000000,0.000000
1542418964.150000,0.000000,0.000000,0.000000,0.000000,0.000000,0.000000,0.000000
1542418964.200000,0.000000,0.000000,0.000000,0.000000,0.000000,0.000000,0.000000
1542418964.250000,0.000000,0.000000,0.000000,0.000000,0.000000,0.000000,0.000000
1542418964.300000,0.000000,0.000000,0.000000,0.000000,0.000000,0.000000,0.000000
1542418964.350000,0.000000,0.000000,0.000000,0.000000,0.000000,0.000000,0.000000
1542418964.400000,0.000000,0.000000,0.000000,0.000000,0.000000,0.000000,0.000000
1542418964.450000,0.000000,0.000000,0.000000,0.000000,0.000000,0.000000,0.000000
1542418964.500000,0.000000,0.000000,0.000000,0.000000,0.000000,0.000000,0.000000
1542418964.550000,0.000000,0.000000,0.000000,0.000000,0.000000,0.000000,0.000000
1542418964.600000,0.000000,0.000000,0.000000,0.000000,0.000000,0.000000,0.000000
1542418964.650000,0.000000,0.000000,0.000000,0.000000,0.000000,0.000000,0.000000
1542418964.700000,0.000000,0.000000,0.000000,0.000000,0.000000,0.000000,0.000000
1542418964.750000,0.000000,0.000000,0.000000,0.000000,0.000000,0.000000,0.000000
1542418964.800000,0.000000,0.000000,0.000000,0.000000,0.000000,0.000000,0.000000
1542418964.850000,0.000000,0.000000,0.000000,0.000000,0.000000,0.000000,0.000000
1542418964.900000,0.000000,0.000000,0.000000,0.000000,0.000000,0.000000,0.000000
1542418964.950000,0.000000,0.000000,0.000000,0.000000,0.000000,0.000000,0.000000
1542418965.000000,0.000000,0.000000,0.000000,0.000000,0.000000,0.000000,0.000000
1542418965.050000,0.000000,0.000000,0.000000,0.000000,0.000000,0.000000,0.000000
1542418965.100000,0.000000,0.000000,0.000000,0.000000,0.000000,0.000000,0.000000
1542418965.150000,0.000000,0.000000,0.000000,0.000000,0.000000,0.000000,0.000000
1542418965.200000,0.000000,0.000000,0.000000,0.000000,0.000000,0.000000,0.000000
1542418965.250000,0.000000,0.000000,0.000000,0.000000,0.000000,0.000000,0.000000
1542418965.300000,0.000000,0.000000,0.000000,0.000000,0.000000,0.000000,0.000000
1542418965.350000,0.000000,0.000000,0.000000,0.000000,0.000000,0.000000,0.000000
1542418965.400000,0.000000,0.000000,0.000000,0.000000,0.000000,0.000000,0.000000
1542418965.450000,0.000000,0.000000,0.000000,0.000000,0.000000,0.000000,0.000000
1542418965.500000,0.000000,0.000000,0.000000,0.000000,0.000000,0.000000,0.000000
1542418965.550000,0.000000,0.000000,0.000000,0.000000,0.000000,0.000000,0.000000
1542418965.600000,0.000000,0.000000,0.000000,0.000000,0.000000,0.000000,0.000000
1542418965.650000,0.000000,0.000000,0.000000,0.000000,0.000000,0.000000,0.000000
1542418965.700000,0.000000,0.000000,0.000000,0.000000,0.000000,0.000000,0.000000
1542418965.750000,0.000000,0.000000,0.000000,0.000000,0.000000,0.000000,0.000000
1542418965.800000,0.000000,0.000000,0.000000,0.000000,0.000000,0.000000,0.000000
1542418965.850000,0.000000,0.000000,0.000000,0.000000,0.000000,0.000000,0.000000
1542418965.900000,0.000000,0.000000,0.000000,0.000000,0.000000,0.000000,0.000000
1542418965.950000,0.000000,0.000000,0.000000,0.000000,0.000000,0.000000,0.000000
1542418966.000000,0.000000,0.000000,0.000000,0.000000,0.000000,0.000000,0.000000
1542418966.050000,0.000000,0.000000,0.000000,0.000000,0.000000,0.000000,0.000000
1542418966.100000,0.000000,0.000000,0.000000,0.000000,0.000000,0.000000,0.000000
1542418966.150000,0.000000,0.000000,0.000000,0.000000,0.000000,0.000000,0.000000
1542418966.200000,0.000000,0.000000,0.000000,0.000000,0.000000,0.000000,0.000000
1542418966.250000,0.000000,0.000000,0.000000,0.000000,0.000000,0.000000,0.000000
1542418966.300000,0.000000,0.000000,0.000000,0.000000,0.000000,0.000000,0.000000
1542418966.350000,0.000000,0.000000,0.000000,0.000000,0.000000,0.000000,0.000000
1542418966.400000,0.000000,0.000000,0.000000,0.000000,0.000000,0.000000,0.000000
1542418966.450000,0.000000,0.000000,0.000000,0.000000,0.000000,0.000000,0.000000
1542418966.500000,0.000000,0.000000,0.000000,0.000000,0.000000,0.000000,0.000000
1542418966.550000,0.000000,0.000000,0.000000,0.000000,0.000000,0.000000,0.000000
1542418966.600000,0.000000,0.000000,0.000000,0.000000,0.000000,0.000000,0.000000
1542418966.650000,0.000000,0.000000,0.000000,0.000000,0.000000,0.000000,0.000000
1542418966.700000,0.000000,0.000000,0.000000,0.000000,0.000000,0.000000,0.000000
1542418966.750000,0.000000,0.000000,0.000000,0.000000,0.000000,0.000000,0.000000
1542418966.800000,0.000000,0.000000,0.000000,0.000000,0.000000,0.000000,0.000000
1542418966.850000,0.000000,0.000000,0.000000,0.000000,0.000000,0.000000,0.000000
1542418966.900000,0.000000,0.000000,0.000000,0.000000,0.000000,0.000000,0.000000
1542418966.950000,0.000000,0.000000,0.000000,0.000000,0.000000,0.000000,0.000000
1542418967.000000,0.000000,0.000000,0.000000,0.000000,0.000000,0.000000,0.000000
1542418967.050000,0.000000,0.000000,0.000000,0.000000,0.000000,0.000000,0.000000
1542418967.100000,0.000000,0.000000,0.000000,0.000000,0.000000,0.000000,0.000000
1542418967.150000,0.000000,0.000000,0.000000,0.000000,0.000000,0.000000,0.000000
1542418967.200000,0.000000,0.000000,0.000000,0.000000,0.000000,0.000000,0.000000
1542418967.250000,0.000000,0.000000,0.000000,0.000000,0.000000,0.000000,0.000000
1542418967.300000,0.000000,0.000000,0.000000,0.000000,0.000000,0.000000,0.000000
1542418967.350000,0.000000,0.000000,0.000000,0.000000,0.000000,0.000000,0.000000
1542418967.400000,0.000000,0.000000,0.000000,0.000000,0.000000,0.000000,0.000000
1542418967.450000,0.000000,0.000000,0.000000,0.000000,0.000000,0.000000,0.000000
1542418967.500000,0.000000,0.000000,0.000000,0.000000,0.000000,0.000000,0.000000
1542418967.550000,0.000000,0.000000,0.000000,0.000000,0.000000,0.000000,0.000000
1542418967.600000,0.000000,0.000000,0.000000,0.000000,0.000000,0.000000,0.000000
1542418967.650000,0.000000,0.000000,0.000000,0.000000,0.000000,0.000000,0.000000
1542418967.700000,0.000000,0.000000,0.000000,0.000000,0.000000,0.000000,0.000000
1542418967.750000,0.000000,0.000000,0.000000,0.000000,0.000000,0.000000,0.000000
1542418967.800000,0.000000,0.000000,0.000000,0.000000,0.000000,0.000000,0.000000
1542418967.850000,0.000000,0.000000,0.000000,0.000000,0.000000,0.000000,0.000000
1542418967.900000,0.000000,0.000000,0.000000,0.000000,0.000000,0.000000,0.000000
1542418967.950000,0.000000,0.000000,0.000000,0.000000,0.000000,0.000000,0.000000
1542418968.000000,0.000000,0.000000,0.000000,0.000000,0.000000,0.000000,0.000000
1542418968.050000,0.000000,0.000000,0.000000,0.000000,0.000000,0.000000,0.000000
1542418968.100000,0.000000,0.000000,0.000000,0.000000,0.000000,0.000000,0.000000
1542418968.150000,0.000000,0.000000,0.000000,0.000000,0.000000,0.000000,0.000000
1542418968.200000,0.000000,0.000000,0.000000,0.000000,0.000000,0.000000,0.000000
1542418968.250000,0.000000,0.000000,0.000000,0.000000,0.000000,0.000000,0.000000
1542418968.300000,0.000000,0.000000,0.000000,0.000000,0.000000,0.000000,0.000000
1542418968.350000,0.000000,0.000000,0.000000,0.000000,0.000000,0.000000,0.000000
1542418968.400000,0.000000,0.000000,0.000000,0.000000,0.000000,0.000000,0.000000
1542418968.450000,0.000000,0.000000,0.000000,0.000000,0.000000,0.000000,0.000000
1542418968.500000,0.000000,0.000000,0.000000,0.000000,0.000000,0.000000,0.000000
1542418968.550000,0.000000,0.000000,0.000000,0.000000,0.000000,0.000000,0.000000
1542418968.600000,0.000000,0.000000,0.000000,0.000000,0.000000,0.000000,0.000000
1542418968.650000,0.000000,0.000000,0.000000,0.000000,0.000000,0.000000,0.000000
1542418968.700000,0.000000,0.000000,0.000000,0.000000,0.000000,0.000000,0.000000
1542418968.750000,0.000000,0.000000,0.000000,0.000000,0.000000,0.000000,0.000000
1542418968.800000,0.000000,0.000000,0.000000,0.000000,0.000000,0.000000,0.000000
1542418968.850000,0.000000,0.000000,0.000000,0.000000,0.000000,0.000000,0.000000
1542418968.900000,0.000000,0.000000,0.000000,0.000000,0.000000,0.000000,0.000000
1542418968.950000,0.000000,0.000000,0.000000,0.000000,0.000000,0.000000,0.000000
1542418969.000000,0.000000,0.000000,0.000000,0.000000,0.000000,0.000000,0.000000
1542418969.050000,0.000000,0.000000,0.000000,0.000000,0.000000,0.000000,0.000000
1542418969.100000,0.000000,0.000000,0.000000,0.000000,0.000000,0.000000,0.000000
1542418969.150000,0.000000,0.000000,0.000000,0.000000,0.000000,0.000000,0.000000
1542418969.200000,0.000000,0.000000,0.000000,0.000000,0.000000,0.000000,0.000000
1542418969.250000,0.000000,0.000000,0.000000,0.000000,0.000000,0.000000,0.000000
1542418969.300000,0.000000,0.000000,0.000000,0.000000,0.000000,0.000000,0.000000
1542418969.350000,0.000000,0.000000,0.000000,0.000000,0.000000,0.000000,0.000000
1542418969.400000,0.000000,0.000000,0.000000,0.000000,0.000000,0.000000,0.000000
1542418969.450000,0.000000,0.000000,0.000000,0.000000,0.000000,0.000000,0.000000
1542418969.500000,0.000000,0.000000,0.000000,0.000000,0.000000,0.000000,0.000000
1542418969.550000,0.000000,0.000000,0.000000,0.000000,0.000000,0.000000,0.000000
1542418969.600000,0.000000,0.000000,0.000000,0.000000,0.000000,0.000000,0.000000
1542418969.650000,0.000000,0.000000,0.000000,0.000000,0.000000,0.000000,0.000000
1542418969.700000,0.000000,0.000000,0.000000,0.000000,0.000000,0.000000,0.000000
1542418969.750000,0.000000,0.000000,0.000000,0.000000,0.000000,0.000000,0.000000
1542418969.800000,0.000000,0.000000,0.000000,0.000000,0.000000,0.000000,0.000000
1542418969.850000,0.000000,0.000000,0.000000,0.000000,0.000000,0.000000,0.000000
1542418969.900000,0.000000,0.000000,0.000000,0.000000,0.000000,0.000000,0.000000
1542418969.950000,0.000000,0.000000,0.000000,0.000000,0.000000,0.000000,0.000000
1542418970.000000,0.000000,0.000000,0.000000,0.000000,0.000000,0.000000,0.000000
1542418970.050000,0.000000,0.000000,0.000000,0.000000,0.000000,0.000000,0.000000
1542418970.100000,0.000000,0.000000,0.000000,0.000000,0.000000,0.000000,0.000000
1542418970.150000,0.000000,0.000000,0.000000,0.000000,0.000000,0.000000,0.000000
1542418970.200000,0.000000,0.000000,0.000000,0.000000,0.000000,0.000000,0.000000
1542418970.250000,0.000000,0.000000,0.000000,0.000000,0.000000,0.000000,0.000000
1542418970.300000,0.000000,0.000000,0.000000,0.000000,0.000000,0.000000,0.000000
1542418970.350000,0.000000,0.000000,0.000000,0.000000,0.000000,0.000000,0.000000
1542418970.400000,0.000000,0.000000,0.000000,0.000000,0.000000,0.000000,0.000000
1542418970.450000,0.000000,0.000000,0.000000,0.000000,0.000000,0.000000,0.000000
1542418970.500000,0.000000,0.000000,0.000000,0.000000,0.000000,0.000000,0.000000
1542418970.550000,0.000000,0.000000,0.000000,0.000000,0.000000,0.000000,0.000000
1542418970.600000,0.000000,0.000000,0.000000,0.000000,0.000000,0.000000,0.000000
1542418970.650000,0.000000,0.000000,0.000000,0.000000,0.000000,0.000000,0.000000
1542418970.700000,0.000000,0.000000,0.000000,0.000000,0.000000,0.000000,0.000000
1542418970.750000,0.000000,0.000000,0.000000,0.000000,0.000000,0.000000,0.000000
1542418970.800000,0.000000,0.000000,0.000000,0.000000,0.000000,0.000000,0.000000
1542418970.850000,0.000000,0.000000,0.000000,0.000000,0.000000,0.000000,0.000000
1542418970.900000,0.000000,0.000000,0.000000,0.000000,0.000000,0.000000,0.000000
1542418970.950000,0.000000,0.000000,0.000000,0.000000,0.000000,0.000000,0.000000
1542418971.000000,0.000000,0.000000,0.000000,0.000000,0.000000,0.000000,0.000000
1542418971.050000,0.000000,0.000000,0.000000,0.000000,0.000000,0.000000,0.000000
1542418971.100000,0.000000,0.000000,0.000000,0.000000,0.000000,0.000000,0.000000
1542418971.150000,0.000000,0.000000,0.000000,0.000000,0.000000,0.000000,0.000000
1542418971.200000,0.000000,0.000000,0.000000,0.000000,0.000000,0.000000,0.000000
1542418971.250000,0.000000,0.000000,0.000000,0.000000,0.000000,0.000000,0.000000
1542418971.300000,0.000000,0.000000,0.000000,0.000000,0.000000,0.000000,0.000000
1542418971.350000,0.000000,0.000000,0.000000,0.000000,0.000000,0.000000,0.000000
1542418971.400000,0.000000,0.000000,0.000000,0.000000,0.000000,0.000000,0.000000
1542418971.450000,0.000000,0.000000,0.000000,0.000000,0.000000,0.000000,0.000000
1542418971.500000,0.000000,0.000000,0.000000,0.000000,0.000000,0.000000,0.000000
1542418971.550000,0.000000,0.000000,0.000000,0.000000,0.000000,0.000000,0.000000
1542418971.600000,0.000000,0.000000,0.000000,0.000000,0.000000,0.000000,0.000000
1542418971.650000,0.000000,0.000000,0.000000,0.000000,0.000000,0.000000,0.000000
1542418971.700000,0.000000,0.000000,0.000000,0.000000,0.000000,0.000000,0.000000
1542418971.750000,0.000000,0.000000,0.000000,0.000000,0.000000,0.000000,0.000000
1542418971.800000,0.000000,0.000000,0.000000,0.000000,0.000000,0.000000,0.000000
1542418971.850000,0.000000,0.000000,0.000000,0.000000,0.000000,0.000000,0.000000
1542418971.900000,0.000000,0.000000,0.000000,0.000000,0.000000,0.000000,0.000000
1542418971.950000,0.000000,0.000000,0.000000,0.000000,0.000000,0.000000,0.000000
1542418972.000000,0.000000,0.000000,0.000000,0.000000,0.000000,0.000000,0.000000
1542418972.050000,0.000000,0.000000,0.000000,0.000000,0.000000,0.000000,0.000000
1542418972.100000,0.000000,0.000000,0.000000,0.000000,0.000000,0.000000,0.000000
1542418972.150000,0.000000,0.000000,0.000000,0.000000,0.000000,0.000000,0.000000
1542418972.200000,0.000000,0.000000,0.000000,0.000000,0.000000,0.000000,0.000000
1542418972.250000,0.000000,0.000000,0.000000,0.000000,0.000000,0.000000,0.000000
1542418972.300000,0.000000,0.000000,0.000000,0.000000,0.000000,0.000000,0.000000
1542418972.350000,0.000000,0.000000,0.000000,0.000000,0.000000,0.000000,0.000000
1542418972.400000,0.000000,0.000000,0.000000,0.000000,0.000000,0.000000,0.000000
1542418972.450000,0.000000,0.000000,0.000000,0.000000,0.000000,0.000000,0.000000
1542418972.500000,0.000000,0.000000,0.000000,0.000000,0.000000,0.000000,0.000000
1542418972.550000,0.000000,0.000000,0.000000,0.000000,0.000000,0.000000,0.000000
1542418972.600000,0.000000,0.000000,0.000000,0.000000,0.000000,0.000000,0.000000
1542418972.650000,0.000000,0.000000,0.000000,0.000000,0.000000,0.000000,0.000000
1542418972.700000,0.000000,0.000000,0.000000,0.000000,0.000000,0.000000,0.000000
1542418972.750000,0.000000,0.000000,0.000000,0.000000,0.000000,0.000000,0.000000
1542418972.800000,0.000000,0.000000,0.000000,0.000000,0.000000,0.000000,0.000000
1542418972.850000,0.000000,0.000000,0.000000,0.000000,0.000000,0.000000,0.000000
1542418972.900000,0.000000,0.000000,0.000000,0.000000,0.000000,0.000000,0.000000
1542418972.950000,0.000000,0.000000,0.000000,0.000000,0.000000,0.000000,0.000000
1542418973.000000,0.000000,0.000000,0.000000,0.000000,0.000000,0.000000,0.000000
1542418973.050000,0.000000,0.000000,0.000000,0.000000,0.000000,0.000000,0.000000
1542418973.100000,0.000000,0.000000,0.000000,0.000000,0.000000,0.000000,0.000000
1542418973.150000,0.000000,0.000000,0.000000,0.000000,0.000000,0.000000,0.000000
1542418973.200000,0.000000,0.000000,0.000000,0.000000,0.000000,0.000000,0.000000
1542418973.250000,0.000000,0.000000,0.000000,0.000000,0.000000,0.000000,0.000000
1542418973.300000,0.000000,0.000000,0.000000,0.000000,0.000000,0.000000,0.000000
1542418973.350000,0.000000,0.000000,0.000000,0.000000,0.000000,0.000000,0.000000
1542418973.400000,0.000000,0.000000,0.000000,0.000000,0.000000,0.000000,0.000000
1542418973.450000,0.000000,0.000000,0.000000,0.000000,0.000000,0.000000,0.000000
1542418973.500000,0.000000,0.000000,0.000000,0.000000,0.000000,0.000000,0.000000
1542418973.550000,0.000000,0.000000,0.000000,0.000000,0.000000,0.000000,0.000000
1542418973.600000,0.000000,0.000000,0.000000,0.000000,0.000000,0.000000,0.000000
1542418973.650000,0.000000,0.000000,0.000000,0.000000,0.000000,0.000000,0.000000
1542418973.700000,0.000000,0.000000,0.000000,0.000000,0.000000,0.000000,0.000000
1542418973.750000,0.000000,0.000000,0.000000,0.000000,0.000000,0.000000,0.000000
1542418973.800000,0.000000,0.000000,0.000000,0.000000,0.000000,0.000000,0.000000
1542418973.850000,0.000000,0.000000,0.000000,0.000000,0.000000,0.000000,0.000000
1542418973.900000,0.000000,0.000000,0.000000,0.000000,0.000000,0.000000,0.000000
1542418973.950000,0.000000,0.000000,0.000000,0.000000,0.000000,0.000000,0.000000
1542418974.000000,0.000000,0.000000,0.000000,0.000000,0.000000,0.000000,0.000000
1542418974.050000,0.000000,0.000000,0.000000,0.000000,0.000000,0.000000,0.000000
1542418974.100000,0.000000,0.000000,0.000000,0.000000,0.000000,0.000000,0.000000
1542418974.150000,0.000000,0.000000,0.000000,0.000000,0.000000,0.000000,0.000000
1542418974.200000,0.000000,0.000000,0.000000,0.000000,0.000000,0.000000,0.000000
1542418974.250000,0.000000,0.000000,0.000000,0.000000,0.000000,0.000000,0.000000
1542418974.300000,0.000000,0.000000,0.000000,0.000000,0.000000,0.000000,0.000000
1542418974.350000,0.000000,0.000000,0.000000,0.000000,0.000000,0.000000,0.000000
1542418974.400000,0.000000,0.000000,0.000000,0.000000,0.000000,0.000000,0.000000
1542418974.450000,0.000000,0.000000,0.000000,0.000000,0.000000,0.000000,0.000000
1542418974.500000,0.000000,0.000000,0.000000,0.000000,0.000000,0.000000,0.000000
1542418974.550000,0.000000,0.000000,0.000000,0.000000,0.000000,0.000000,0.000000
1542418974.600000,0.000000,0.000000,0.000000,0.000000,0.000000,0.000000,0.000000
1542418974.650000,0.000000,0.000000,0.000000,0.000000,0.000000,0.000000,0.000000
1542418974.700000,0.000000,0.000000,0.000000,0.000000,0.000000,0.000000,0.000000
1542418974.750000,0.000000,0.000000,0.000000,0.000000,0.000000,0.000000,0.000000
1542418974.800000,0.000000,0.000000,0.000000,0.000000,0.000000,0.000000,0.000000
1542418974.850000,0.000000,0.000000,0.000000,0.000000,0.000000,0.000000,0.000000
1542418974.900000,0.000000,0.000000,0.000000,0.000000,0.000000,0.000000,0.000000
1542418974.950000,0.000000,0.000000,0.000000,0.000000,0.000000,0.000000,0.000000
1542418975.000000,0.000000,0.000000,0.000000,0.000000,0.000000,0.000000,0.000000
1542418975.050000,0.000000,0.000000,0.000000,0.000000,0.000000,0.000000,0.000000
1542418975.100000,0.000000,0.000000,0.000000,0.000000,0.000000,0.000000,0.000000
1542418975.150000,0.000000,0.000000,0.000000,0.000000,0.000000,0.000000,0.000000
1542418975.200000,0.000000,0.000000,0.000000,0.000000,0.000000,0.000000,0.000000
1542418975.250000,0.000000,0.000000,0.000000,0.000000,0.000000,0.000000,0.000000
1542418975.300000,0.000000,0.000000,0.000000,0.000000,0.000000,0.000000,0.000000
1542418975.350000,0.000000,0.000000,0.000000,0.000000,0.000000,0.000000,0.000000
1542418975.400000,0.000000,0.000000,0.000000,0.000000,0.000000,0.000000,0.000000
1542418975.450000,0.000000,0.000000,0.000000,0.000000,0.000000,0.000000,0.000000
1542418975.500000,0.000000,0.000000,0.000000,0.000000,0.000000,0.000000,0.000000
1542418975.550000,0.000000,0.000000,0.000000,0.000000,0.000000,0.000000,0.000000
1542418975.600000,0.000000,0.000000,0.000000,0.000000,0.000000,0.000000,0.000000
1542418975.650000,0.000000,0.000000,0.000000,0.000000,0.000000,0.000000,0.000000
1542418975.700000,0.000000,0.000000,0.000000,0.000000,0.000000,0.000000,0.000000
1542418975.750000,0.000000,0.000000,0.000000,0.000000,0.000000,0.000000,0.000000
1542418975.800000,0.000000,0.000000,0.000000,0.000000,0.000000,0.000000,0.000000
1542418975.850000,0.000000,0.000000,0.000000,0.000000,0.000000,0.000000,0.000000
1542418975.900000,0.000000,0.000000,0.000000,0.000000,0.000000,0.000000,0.000000
1542418975.950000,0.000000,0.000000,0.000000,0.000000,0.000000,0.000000,0.000000
1542418976.000000,0.000000,0.000000,0.000000,0.000000,0.000000,0.000000,0.000000
1542418976.050000,0.000000,0.000000,0.000000,0.000000,0.000000,0.000000,0.000000
1542418976.100000,0.000000,0.000000,0.000000,0.000000,0.000000,0.000000,0.000000
1542418976.150000,0.000000,0.000000,0.000000,0.000000,0.000000,0.000000,0.000000
1542418976.200000,0.000000,0.000000,0.000000,0.000000,0.000000,0.000000,0.000000
1542418976.250000,0.000000,0.000000,0.000000,0.000000,0.000000,0.000000,0.000000
1542418976.300000,0.000000,0.000000,0.000000,0.000000,0.000000,0.000000,0.000000
1542418976.350000,0.000000,0.000000,0.000000,0.000000,0.000000,0.000000,0.000000
1542418976.400000,0.000000,0.000000,0.000000,0.000000,0.000000,0.000000,0.000000
1542418976.450000,0.000000,0.000000,0.000000,0.000000,0.000000,0.000000,0.000000
1542418976.500000,0.000000,0.000000,0.000000,0.000000,0.000000,0.000000,0.000000
1542418976.550000,0.000000,0.000000,0.000000,0.000000,0.000000,0.000000,0.000000
1542418976.600000,0.000000,0.000000,0.000000,0.000000,0.000000,0.000000,0.000000
1542418976.650000,0.000000,0.000000,0.000000,0.000000,0.000000,0.000000,0.000000
1542418976.700000,0.000000,0.000000,0.000000,0.000000,0.000000,0.000000,0.000000
1542418976.750000,0.000000,0.000000,0.000000,0.000000,0.000000,0.000000,0.000000
1542418976.800000,0.000000,0.000000,0.000000,0.000000,0.000000,0.000000,0.000000
1542418976.850000,0.000000,0.000000,0.000000,0.000000,0.000000,0.000000,0.000000
1542418976.900000,0.000000,0.000000,0.000000,0.000000,0.000000,0.000000,0.000000
1542418976.950000,0.000000,0.000000,0.000000,0.000000,0.000000,0.000000,0.000000
1542418977.000000,0.000000,0.000000,0.000000,0.000000,0.000000,0.000000,0.000000
1542418977.050000,0.000000,0.000000,0.000000,0.000000,0.000000,0.000000,0.000000
1542418977.100000,0.000000,0.000000,0.000000,0.000000,0.000000,0.000000,0.000000
1542418977.150000,0.000000,0.000000,0.000000,0.000000,0.000000,0.000000,0.000000
1542418977.200000,0.000000,0.000000,0.000000,0.000000,0.000000,0.000000,0.000000
1542418977.250000,0.000000,0.000000,0.000000,0.000000,0.000000,0.000000,0.000000
1542418977.300000,0.000000,0.000000,0.000000,0.000000,0.000000,0.000000,0.000000
1542418977.350000,0.000000,0.000000,0.000000,0.000000,0.000000,0.000000,0.000000
1542418977.400000,0.000000,0.000000,0.000000,0.000000,0.000000,0.000000,0.000000
1542418977.450000,0.000000,0.000000,0.000000,0.000000,0.000000,0.000000,0.000000
1542418977.500000,0.000000,0.000000,0.000000,0.000000,0.000000,0.000000,0.000000
1542418977.550000,0.000000,0.000000,0.000000,0.000000,0.000000,0.000000,0.000000
1542418977.600000,0.000000,0.000000,0.000000,0.000000,0.000000,0.000000,0.000000
1542418977.650000,0.000000,0.000000,0.000000,0.000000,0.000000,0.000000,0.000000
1542418977.700000,0.000000,0.000000,0.000000,0.000000,0.000000,0.000000,0.000000
1542418977.750000,0.000000,0.000000,0.000000,0.000000,0.000000,0.000000,0.000000
1542418977.800000,0.000000,0.000000,0.000000,0.000000,0.000000,0.000000,0.000000
1542418977.850000,0.000000,0.000000,0.000000,0.000000,0.000000,0.000000,0.000000
1542418977.900000,0.000000,0.000000,0.000000,0.000000,0.000000,0.000000,0.000000
1542418977.950000,0.000000,0.000000,0.000000,0.000000,0.000000,0.000000,0.000000
1542418978.000000,0.000000,0.000000,0.000000,0.000000,0.000000,0.000000,0.000000
1542418978.050000,0.000000,0.000000,0.000000,0.000000,0.000000,0.000000,0.000000
1542418978.100000,0.000000,0.000000,0.000000,0.000000,0.000000,0.000000,0.000000
1542418978.150000,0.000000,0.000000,0.000000,0.000000,0.000000,0.000000,0.000000
1542418978.200000,0.000000,0.000000,0.000000,0.000000,0.000000,0.000000,0.000000
1542418978.250000,0.000000,0.000000,0.000000,0.000000,0.000000,0.000000,0.000000
1542418978.300000,0.000000,0.000000,0.000000,0.000000,0.000000,0.000000,0.000000
1542418978.350000,0.000000,0.000000,0.000000,0.000000,0.000000,0.000000,0.000000
1542418978.400000,0.000000,0.000000,0.000000,0.000000,0.000000,0.000000,0.000000
1542418978.450000,0.000000,0.000000,0.000000,0.000000,0.000000,0.000000,0.000000
1542418978.500000,0.000000,0.000000,0.000000,0.000000,0.000000,0.000000,0.000000
1542418978.550000,0.000000,0.000000,0.000000,0.000000,0.000000,0.000000,0.000000
1542418978.600000,0.000000,0.000000,0.000000,0.000000,0.000000,0.000000,0.000000
1542418978.650000,0.000000,0.000000,0.000000,0.000000,0.000000,0.000000,0.000000
1542418978.700000,0.000000,0.000000,0.000000,0.000000,0.000000,0.000000,0.000000
1542418978.750000,0.000000,0.000000,0.000000,0.000000,0.000000,0.000000,0.000000
1542418978.800000,0.000000,0.000000,0.000000,0.000000,0.000000,0.000000,0.000000
1542418978.850000,0.000000,0.000000,0.000000,0.000000,0.000000,0.000000,0.000000
1542418978.900000,0.000000,0.000000,0.000000,0.000000,0.000000,0.000000,0.000000
1542418978.950000,0.000000,0.000000,0.000000,0.000000,0.000000,0.000000,0.000000
1542418979.000000,0.000000,0.000000,0.000000,0.000000,0.000000,0.000000,0.000000
1542418979.050000,0.000000,0.000000,0.000000,0.000000,0.000000,0.000000,0.000000
1542418979.100000,0.000000,0.000000,0.000000,0.000000,0.000000,0.000000,0.000000
1542418979.150000,0.000000,0.000000,0.000000,0.000000,0.000000,0.000000,0.000000
1542418979.200000,0.000000,0.000000,0.000000,0.000000,0.000000,0.000000,0.000000
1542418979.250000,0.000000,0.000000,0.000000,0.000000,0.000000,0.000000,0.000000
1542418979.300000,0.000000,0.000000,0.000000,0.000000,0.000000,0.000000,0.000000
1542418979.350000,0.000000,0.000000,0.000000,0.000000,0.000000,0.000000,0.000000
1542418979.400000,0.000000,0.000000,0.000000,0.000000,0.000000,0.000000,0.000000
1542418979.450000,0.000000,0.000000,0.000000,0.000000,0.000000,0.000000,0.000000
1542418979.500000,0.000000,0.000000,0.000000,0.000000,0.000000,0.000000,0.000000
1542418979.550000,0.000000,0.000000,0.000000,0.000000,0.000000,0.000000,0.000000
1542418979.600000,0.000000,0.000000,0.000000,0.000000,0.000000,0.000000,0.000000
1542418979.650000,0.000000,0.000000,0.000000,0.000000,0.000000,0.000000,0.000000
1542418979.700000,0.000000,0.000000,0.000000,0.000000,0.000000,0.000000,0.000000
1542418979.750000,0.000000,0.000000,0.000000,0.000000,0.000000,0.000000,0.000000
1542418979.800000,0.000000,0.000000,0.000000,0.000000,0.000000,0.000000,0.000000
1542418979.850000,0.000000,0.000000,0.000000,0.000000,0.000000,0.000000,0.000000
1542418979.900000,0.000000,0.000000,0.000000,0.000000,0.000000,0.000000,0.000000
1542418979.950000,0.000000,0.000000,0.000000,0.000000,0.000000,0.000000,0.000000
1542418980.000000,0.000000,0.000000,0.000000,0.000000,0.000000,0.000000,0.000000
1542418980.050000,0.000000,0.000000,0.000000,0.000000,0.000000,0.000000,0.000000
1542418980.100000,0.000000,0.000000,0.000000,0.000000,0.000000,0.000000,0.000000
1542418980.150000,0.000000,0.000000,0.000000,0.000000,0.000000,0.000000,0.000000
1542418980.200000,0.000000,0.000000,0.000000,0.000000,0.000000,0.000000,0.000000
1542418980.250000,0.000000,0.000000,0.000000,0.000000,0.000000,0.000000,0.000000
1542418980.300000,0.000000,0.000000,0.000000,0.000000,0.000000,0.000000,0.000000
1542418980.350000,0.000000,0.000000,0.000000,0.000000,0.000000,0.000000,0.000000
1542418980.400000,0.000000,0.000000,0.000000,0.000000,0.000000,0.000000,0.000000
1542418980.450000,0.000000,0.000000,0.000000,0.000000,0.000000,0.000000,0.000000
1542418980.500000,0.000000,0.000000,0.000000,0.000000,0.000000,0.000000,0.000000
1542418980.550000,0.000000,0.000000,0.000000,0.000000,0.000000,0.000000,0.000000
1542418980.600000,0.000000,0.000000,0.000000,0.000000,0.000000,0.000000,0.000000
1542418980.650000,0.000000,0.000000,0.000000,0.000000,0.000000,0.000000,0.000000
1542418980.700000,0.000000,0.000000,0.000000,0.000000,0.000000,0.000000,0.000000
1542418980.750000,0.000000,0.000000,0.000000,0.000000,0.000000,0.000000,0.000000
1542418980.800000,0.000000,0.000000,0.000000,0.000000,0.000000,0.000000,0.000000
1542418980.850000,0.000000,0.000000,0.000000,0.000000,0.000000,0.000000,0.000000
1542418980.900000,0.000000,0.000000,0.000000,0.000000,0.000000,0.000000,0.000000
1542418980.950000,0.000000,0.000000,0.000000,0.000000,0.000000,0.000000,0.000000
